4.095590894243576474e-01
4.136785010765878789e-01
4.398533451537078309e-01
4.076419873109945469e-01
4.087188348362128520e-01
4.073655841093634100e-01
4.588019099588819261e-01
4.559636019475771240e-01
3.905234639235287686e-01
4.083463790091249601e-01
4.266596692061203067e-01
4.059408421861813165e-01
4.196872666827419218e-01
4.364916317391928646e-01
4.172554325977960721e-01
4.035030752201861359e-01
3.899775814610338398e-01
3.953851510777653955e-01
3.729470518187744665e-01
4.228250200775492962e-01
4.040464037720673529e-01
3.936863926228125754e-01
4.135994700926662881e-01
3.916946751515534286e-01
4.407646609679353733e-01
3.961426962894193382e-01
3.981712768500929589e-01
4.064618123121549464e-01
4.059079381245341844e-01
4.415561503088764050e-01
3.983574008538581790e-01
4.156839000210387214e-01
4.251646451448617414e-01
4.035790336738823703e-01
4.214118160789949163e-01
4.481081647215464647e-01
3.673190132538103336e-01
4.227897832672043998e-01
4.074526293586683279e-01
4.202632175935908654e-01
4.623510105835680895e-01
4.132471884700307241e-01
4.019818388010344412e-01
3.904638007095878605e-01
4.072256284598146925e-01
3.940799247510463621e-01
4.418827433781194469e-01
4.047765409275468906e-01
4.008203853584699772e-01
4.084998123725093744e-01
4.132441803900260280e-01
4.113932113704513727e-01
4.145646532277025287e-01
3.995116018411045689e-01
4.347505423812373371e-01
3.959510141185907384e-01
4.000918141338811185e-01
4.399711058344541459e-01
4.286815408642933312e-01
3.879317222451564851e-01
4.027929486406325310e-01
3.880026901979183318e-01
4.142230826441452018e-01
4.462256946925389767e-01
4.437020404919932437e-01
4.065503564402825343e-01
4.200222514986132194e-01
4.118048910111115068e-01
3.997229915556003155e-01
3.953223269751308111e-01
4.024188800337671346e-01
4.320412934197195298e-01
4.303079893911505027e-01
4.125770800009466721e-01
4.319082866559938449e-01
4.022480075514057174e-01
4.553688020684649729e-01
3.939689887261805801e-01
4.230857989065638369e-01
4.187219124976534479e-01
4.461086917870266122e-01
3.686149760247474094e-01
4.548238865291972521e-01
4.236772921400587810e-01
4.115763568024197738e-01
4.363221680663906810e-01
4.342106217949464053e-01
4.196876914168660155e-01
4.340357841978130793e-01
3.857052820688384176e-01
4.184136182286365968e-01
4.470114702084213576e-01
4.168988557118746274e-01
4.223356184915954548e-01
4.338400961779624865e-01
3.635075880077779376e-01
3.993554958419958112e-01
3.957057759864209823e-01
4.235605734859529403e-01
4.315252408672202722e-01
4.264938310052936998e-01
4.335389267375922562e-01
4.592747941232104836e-01
3.992346453852420041e-01
4.332683763948464994e-01
4.292008934258541575e-01
4.301866672590870522e-01
4.056262811857440087e-01
4.077258550147183636e-01
4.310403505736054020e-01
3.937860264336178195e-01
4.459820433723474808e-01
4.145246532707392295e-01
4.264928099948648854e-01
4.207385770597520391e-01
4.593845101535570796e-01
4.249703210734245284e-01
4.126490647092539987e-01
3.850660741914125884e-01
4.070779879848241967e-01
4.295489642404592412e-01
4.823987719613206937e-01
4.135298530966912134e-01
3.978110665955790770e-01
3.924608217252846254e-01
4.336324450239786299e-01
4.208802280644279858e-01
4.119265080917059452e-01
4.024334507853001286e-01
3.666922257046338340e-01
4.101495384727446014e-01
3.521624402824474198e-01
4.478943644930469814e-01
4.060833092089115581e-01
4.204392776384835995e-01
4.053192346563198045e-01
4.055725711621028795e-01
3.922133518339792069e-01
3.961697288046203691e-01
3.976135654798558794e-01
4.347061689006654350e-01
3.781416878418976113e-01
3.850524385448385600e-01
3.934789239124879545e-01
4.268689453701192127e-01
4.141121916955087801e-01
3.986152306513216503e-01
4.078432299990017995e-01
4.354802978247365175e-01
4.073371161793231110e-01
4.376013619870969262e-01
4.310810878670929824e-01
4.436353035892349750e-01
3.973711496245219132e-01
4.213401907942193603e-01
4.149133902288931752e-01
4.594452335575193724e-01
4.230454255962756704e-01
3.651362936556067362e-01
3.762615390817690697e-01
4.220889786343295924e-01
4.340483985294293356e-01
3.819047168668013859e-01
3.788580925690591128e-01
4.199950936263839307e-01
3.994572262093262216e-01
4.392227672388998028e-01
4.169870445563721439e-01
4.450117078931201675e-01
4.466300893828411001e-01
4.261696577555486032e-01
4.493230918129100249e-01
3.799780239870634846e-01
3.907449013102756163e-01
4.157343631629816239e-01
4.294776204227206406e-01
4.038912296208440611e-01
4.195601346661157471e-01
3.967799454845308271e-01
4.276366726898357951e-01
4.629384651614012469e-01
4.163339518932445138e-01
4.189324941795459223e-01
4.497489617728694933e-01
4.069226144162795267e-01
4.024146444759352792e-01
4.242737523267564592e-01
4.065368520629598637e-01
4.458531993512154790e-01
4.129809596705131258e-01
4.065956084714246188e-01
4.245450544091055045e-01
4.298482727031438522e-01
4.318854168449229869e-01
4.084732083698927596e-01
3.932124535252520259e-01
3.810208498784016795e-01
4.250207851532047387e-01
3.821787673298221999e-01
3.866299433169905764e-01
4.369264778532695459e-01
4.085139741360004351e-01
4.118541693032398143e-01
4.115820093014999626e-01
4.217600684976181569e-01
3.942094564403189616e-01
4.195011324504100969e-01
4.172212857020406451e-01
3.954679079016217846e-01
3.924168921804039312e-01
4.096477656595984840e-01
4.202231025747555360e-01
4.201949825400562721e-01
3.996569429099808279e-01
4.277763813388835712e-01
4.513766736227599052e-01
4.254488918392128616e-01
3.974127288107815459e-01
3.924054784862582856e-01
4.449130856878971696e-01
3.899554771764961458e-01
4.237773096150777019e-01
4.557101031252793755e-01
4.239316047160647249e-01
3.840909706148784575e-01
4.038114259934720840e-01
4.077736145975528470e-01
3.699825868772600446e-01
3.989684960696064375e-01
4.228904278383073256e-01
3.818392298024864684e-01
4.414271040558272463e-01
4.104326669183814280e-01
4.143381290647610848e-01
4.651964552816063581e-01
4.142291494500709992e-01
4.196473962916882350e-01
3.890703324340146763e-01
4.177480124143119200e-01
3.954502920018557743e-01
3.773477682113202114e-01
4.015656137046887397e-01
3.872248695312308642e-01
4.202871762396105382e-01
4.370711012907269044e-01
4.193879893773139744e-01
3.734419980239016557e-01
4.531728397501170735e-01
4.272744551321953632e-01
4.184999401156486165e-01
4.199666766444586363e-01
4.311873275194880728e-01
3.955672811833814140e-01
4.326415861605988900e-01
4.219090127096081777e-01
4.162255241618860735e-01
4.142774076765547986e-01
4.086670051674081705e-01
4.125821552461462760e-01
4.220226765395636015e-01
3.538613495464487113e-01
4.121825692308325739e-01
3.998656761813457194e-01
4.016839797135627887e-01
4.321295516878851939e-01
3.956808812573784362e-01
4.194330095553929216e-01
4.214945838594987282e-01
3.987759155130762845e-01
4.350734132298814671e-01
3.983786140163764200e-01
4.019922273375692856e-01
4.160424195335551412e-01
3.747059719821030921e-01
3.817684382433275125e-01
3.957861697723748517e-01
4.394408527847254442e-01
4.288550881090698041e-01
4.038689878232673003e-01
4.076457794344607310e-01
4.237159250663469767e-01
3.896363759139334082e-01
3.915061111373387415e-01
4.280311846054273284e-01
4.069210417060354357e-01
4.249242054642977662e-01
4.337883416427221195e-01
3.776544321779605196e-01
4.303064928445278214e-01
4.082693754691951726e-01
3.960531518206987234e-01
4.021223923730266603e-01
3.991029718865364284e-01
3.816038233065818797e-01
3.914715230505801391e-01
3.757675838362499743e-01
3.869731298058318725e-01
4.273860925316248505e-01
4.277941072860049765e-01
4.243499112038006116e-01
4.254489183817498632e-01
4.184619347590783356e-01
3.411127497665177311e-01
3.748868808717717438e-01
4.238446615788472593e-01
4.160759377345280008e-01
3.823597167652884599e-01
4.116114617490504446e-01
4.001428654672142815e-01
4.390550923641750591e-01
3.998314827409711336e-01
3.797287338723021044e-01
4.185072997721898114e-01
3.969671084971121422e-01
3.944337886010459426e-01
4.490278104711676876e-01
4.329980460866361125e-01
4.204457514307605726e-01
4.461132744370440162e-01
3.809031021571391840e-01
4.200527465834112961e-01
4.164205575325109487e-01
4.184322730216731290e-01
4.201963264242017937e-01
3.921213889392337060e-01
4.501330655541783132e-01
4.047997156299208976e-01
4.614419084224334888e-01
3.889835857447289658e-01
4.026282906682445706e-01
4.088996988730665416e-01
4.377536834313643377e-01
3.872312150846294876e-01
4.299129689485606254e-01
4.569998096567834400e-01
3.915109907872125206e-01
3.767597054119133926e-01
4.344079874756581749e-01
4.148672664755809758e-01
4.517035042382982479e-01
4.167329639433986488e-01
4.361334285385394804e-01
3.762746144937646475e-01
4.266677609535799442e-01
4.298956495132474909e-01
4.090032166391949220e-01
4.210057670748282854e-01
4.173868455657004373e-01
4.347368525190616895e-01
3.993191879695289215e-01
3.820007129637428833e-01
4.147127721868418826e-01
3.870488014767707319e-01
4.290676779633303961e-01
4.132228625446135450e-01
3.567946463247455013e-01
3.739185091582395981e-01
3.912874767184030267e-01
4.358924667668998554e-01
4.183020297321166092e-01
3.749204923607021844e-01
4.125058037190116877e-01
3.849041903934272146e-01
4.060368422546427603e-01
4.327381601610282291e-01
4.288677317437779024e-01
3.992318714577040017e-01
4.154496379260499417e-01
3.961996865764185749e-01
4.277763134980284709e-01
4.447140021029856172e-01
4.325458968567993390e-01
3.935685950332196703e-01
4.362314958608209392e-01
4.154007483526481748e-01
4.317764031769228406e-01
3.957050693673247466e-01
4.482155567202804614e-01
3.804295730928523023e-01
3.874580837871432482e-01
4.299583179992547133e-01
4.073950731614661147e-01
4.224458350748053759e-01
4.258912630390746523e-01
3.784139650088375051e-01
3.986495151068031317e-01
4.078100225729589523e-01
3.998882629608878081e-01
4.361996538104531140e-01
3.673981803022846049e-01
4.135814579099741373e-01
3.870224183612355207e-01
4.476038672315494904e-01
4.618505034721378522e-01
4.253138493068949755e-01
4.365365902912136664e-01
3.874161746631851200e-01
4.537857220101305100e-01
4.212432098108366274e-01
4.498532785699391745e-01
4.162262478308691449e-01
3.843186949012920572e-01
3.688723935282690047e-01
4.250110291436115517e-01
4.406119733891441514e-01
4.072395197958579294e-01
3.902766451572202144e-01
4.331306482356763743e-01
4.051856430559112598e-01
3.756175847281891800e-01
4.199084362115028668e-01
4.142042958231634264e-01
4.317587630763027318e-01
4.075253827192739098e-01
3.630381890237610598e-01
3.845031000714578262e-01
4.131221784827768806e-01
4.202901091367195474e-01
4.006543939357873896e-01
4.217560416152405511e-01
3.947257358339749667e-01
4.209200694402542853e-01
3.925532611080329026e-01
4.226884317791180234e-01
4.094973542934038369e-01
4.224956695216119940e-01
3.873645838253154672e-01
4.081932323322023382e-01
4.232532993650218733e-01
4.259580530753934724e-01
3.846806637200491652e-01
4.185777633410328602e-01
4.214691292298387570e-01
4.171345917331805708e-01
3.819079879647842013e-01
4.200849979424828295e-01
4.259348530583986769e-01
4.137163099247391784e-01
4.049576730388143586e-01
4.353773767278015794e-01
3.995902335695627472e-01
4.298130868044145458e-01
3.947902166318218997e-01
4.232867924994324627e-01
4.022927686863541075e-01
3.831110190513211666e-01
4.270535751912868383e-01
4.171994222872704716e-01
3.898840715264096923e-01
4.137437276379668516e-01
4.135354078361210273e-01
4.507078995646273678e-01
4.331132921790775692e-01
3.933691047591957868e-01
4.131762132034246804e-01
4.144591832866565406e-01
4.102470437998542718e-01
3.815433412956004688e-01
4.455533020778138509e-01
3.992131524820289878e-01
4.080621128442425416e-01
4.452409451666493045e-01
3.924237533585337445e-01
3.932291142917126447e-01
4.349149265852941260e-01
4.131640307762914910e-01
4.111745062230204861e-01
4.521762616861806916e-01
4.092442627906628383e-01
3.807155714258251278e-01
4.122157916508816244e-01
4.110031269884150129e-01
4.060354386095186285e-01
4.180866726145104906e-01
3.992932087742709357e-01
4.465535254402784315e-01
4.146713280561192261e-01
4.344944142489161054e-01
4.097001168236968915e-01
4.223442080406266119e-01
4.184346677766269673e-01
4.105362916311543486e-01
3.414065599064756151e-01
4.136082016254302718e-01
4.068570776701277980e-01
4.149675889759718572e-01
4.327522167086609306e-01
4.059968301277871450e-01
3.901496779174694063e-01
4.190044348922364326e-01
3.793213030572467614e-01
3.910012744333064560e-01
3.947341462313563865e-01
4.263457592997948464e-01
4.179611684122864768e-01
3.635499662344317540e-01
4.482892826935890307e-01
3.864868468935777068e-01
4.121352884454390630e-01
3.901764804688281907e-01
3.836915291488712798e-01
3.989398135794018918e-01
4.112572211791670762e-01
4.189098523498545612e-01
4.053511068863665523e-01
4.014181197726514050e-01
3.823775523813674471e-01
4.221861439136246341e-01
3.950581000596292691e-01
4.245155352382104508e-01
4.314860980113401356e-01
4.050853260366428787e-01
3.823999065673572839e-01
4.064521284987729355e-01
3.948402515475120111e-01
3.864281257753766075e-01
4.171782616992799619e-01
4.298824677577954279e-01
3.793700784902119816e-01
4.020371894303659266e-01
4.212281111200626427e-01
4.178831800708035504e-01
4.252497665474391786e-01
4.199069034973431647e-01
3.947956738107484820e-01
4.103857101745294611e-01
4.081168850552112093e-01
4.075607070006562194e-01
4.010843503031390478e-01
4.286212813670324806e-01
3.984591664349226847e-01
4.120603219871147860e-01
4.184149802930681727e-01
4.271847698362977175e-01
4.030759602329444524e-01
4.272349732661590016e-01
4.257838234570003877e-01
4.368418210840740445e-01
3.699689039303375448e-01
4.155479366300382504e-01
3.905571917706965324e-01
3.630631021038799311e-01
4.104771092125724108e-01
4.303942605094476792e-01
4.160281695147871051e-01
3.758837734725263280e-01
4.232526681203599428e-01
4.278933770461755270e-01
4.141016092907118251e-01
3.864826529765472696e-01
4.371658885257850846e-01
4.075868827811880424e-01
4.230886963207968199e-01
4.175490151063915856e-01
4.068718592440024873e-01
4.427955759832125082e-01
4.093663153644676034e-01
4.500179662848532436e-01
4.075454604522613655e-01
3.761244900997383622e-01
4.413820244349558886e-01
4.165849519038052895e-01
4.202589153897210994e-01
4.234071578253216228e-01
4.370316895825331338e-01
4.487283502664370372e-01
4.019466276488244949e-01
3.991079875504859875e-01
4.330831358416947774e-01
4.225837822645212571e-01
3.908793472084295950e-01
4.441410565082047901e-01
4.133786540800524767e-01
4.110931787605055510e-01
4.154140819080541780e-01
3.925225294485681915e-01
3.975922804415341072e-01
4.380730124274716530e-01
4.149688315295668728e-01
3.932036061673747640e-01
4.442994651713238485e-01
3.870470423965142182e-01
4.379156746011436674e-01
4.070878423728299111e-01
3.863723483741910991e-01
4.240119427161325727e-01
4.335258097635866226e-01
4.343935493107609069e-01
4.344635400671241210e-01
4.134274027367489945e-01
4.269152015912839881e-01
3.877253300379938095e-01
4.176617466686183278e-01
4.079993965989960891e-01
4.005002344667903391e-01
4.378490327986453434e-01
4.082044702723416352e-01
3.883900297821560876e-01
4.004037395888768169e-01
4.227429757930240006e-01
3.878933976002938433e-01
4.469978911779044495e-01
3.313182488219001964e-01
4.081361225306382456e-01
4.150127161454479352e-01
4.240940425865661889e-01
4.104133716732697446e-01
4.060287370510761162e-01
3.981603458137585316e-01
4.126881560834426699e-01
4.104373962559278999e-01
4.039191845391552071e-01
4.362334333831527355e-01
3.722233270013212136e-01
4.512163936948536680e-01
4.069784390626258741e-01
4.137696787446992208e-01
4.178240673974054076e-01
4.367972709410433696e-01
4.333023322681290312e-01
4.496244115583669654e-01
4.245927781893559794e-01
4.779390413808777827e-01
4.182356950339580770e-01
4.017550312346399588e-01
4.398475357296649513e-01
3.773942501014836415e-01
4.016432840861782760e-01
4.235479038890302417e-01
4.442013099158648726e-01
4.158692768044077726e-01
4.270675923756851455e-01
4.108828871967217244e-01
4.078971956126952736e-01
4.144498839736447948e-01
4.365038997070797566e-01
4.374411081671207846e-01
4.048458062838250493e-01
4.130900774111731510e-01
4.167988933976691790e-01
4.522202611054521593e-01
4.056159765748262869e-01
4.067839647255387936e-01
4.383408311102415800e-01
3.785714753321290371e-01
4.122735434882988659e-01
3.906385624553510016e-01
4.071896747186307119e-01
4.199440023055552862e-01
4.030542363224127733e-01
4.264527766996764058e-01
4.062648120875770874e-01
4.142434514321061134e-01
4.293679768062298452e-01
4.118842663376696689e-01
4.390355632028497546e-01
3.592299269953848628e-01
4.096731281801971880e-01
4.056474189100656713e-01
3.961008147348591968e-01
3.837800158744982815e-01
4.057794831152277126e-01
3.974197043722245692e-01
4.156220198396795018e-01
4.027238231247267097e-01
4.050436414811565689e-01
4.046628218206532734e-01
4.281622406509616452e-01
3.942458651469415432e-01
4.141317563795291479e-01
4.186410927980195318e-01
4.242075264634470599e-01
4.163581751225482463e-01
4.102610463787634276e-01
4.202114214039491813e-01
4.213510602226414603e-01
4.371368502645868181e-01
4.033544319969403213e-01
4.036921293051248805e-01
4.090040536725539910e-01
4.114623091392304310e-01
4.472553776074407739e-01
4.108569929307465673e-01
4.064995806192133188e-01
3.824937068353488345e-01
4.234306157726384079e-01
3.844965508979744651e-01
4.240197014806996734e-01
4.386626222463975711e-01
3.965316277899261777e-01
4.058685238383595850e-01
4.364138776993383706e-01
4.201956532889857820e-01
3.694230733230584041e-01
3.934078450061452292e-01
4.371483953879902740e-01
4.168824074891968046e-01
3.781279729067874018e-01
3.912131658347689500e-01
4.023922222036449559e-01
4.483271575303060530e-01
4.225869402307453337e-01
3.888905065122408300e-01
4.473761561763271999e-01
3.809641953517415858e-01
3.930053137638294669e-01
4.262379164690150435e-01
4.345396543875063022e-01
4.160196363136275943e-01
3.769907874767860489e-01
4.396692111012422965e-01
4.231882094096075519e-01
3.804613475673087053e-01
4.118758737074294518e-01
4.196209273604468715e-01
3.754708316791792733e-01
4.549218024174114250e-01
4.046883171142842128e-01
4.016799702840483377e-01
4.198800143726933998e-01
4.283591555320201971e-01
4.186265081946743405e-01
3.680735906007138736e-01
3.970961790508013567e-01
4.312596665155227771e-01
4.318394309623935778e-01
3.836161254726745962e-01
4.034681212569809494e-01
4.070884629897045803e-01
4.491984819547054641e-01
4.316425997789085645e-01
3.680835670372190060e-01
4.046897546524113598e-01
4.161919142176125352e-01
4.129726539864571611e-01
4.429748287109626093e-01
3.639265876402624222e-01
4.147971951012223712e-01
4.692497944283349764e-01
3.684696809812951779e-01
4.104708672788687229e-01
3.824936006840085612e-01
4.036603360670074636e-01
3.956918756683919236e-01
3.935684331932193247e-01
3.989776136923682825e-01
4.119426815677553755e-01
4.191945936475329759e-01
3.998787557674711168e-01
4.162593082571814374e-01
4.089054467034390905e-01
3.774147008744817566e-01
4.304122894533531363e-01
4.403699347285732202e-01
3.580870149384699497e-01
4.200866086491575890e-01
4.621364781496191121e-01
4.396219663302461944e-01
4.015870896443655691e-01
4.143593228158145014e-01
4.310944339506166401e-01
4.042453735430070472e-01
4.162767797907805378e-01
3.741192454817577340e-01
4.177233774986879311e-01
4.066219006229806476e-01
4.443982274560975831e-01
4.320014811367293706e-01
3.997499146088049349e-01
3.924530131367511832e-01
4.085583100351164454e-01
4.429609077162950936e-01
3.735039891416879199e-01
4.442045724232562276e-01
4.357615054919401487e-01
3.905765797897923775e-01
4.209809232795344580e-01
3.682640728511381023e-01
4.225810346224571634e-01
3.855649314136595507e-01
4.087154313911930403e-01
4.300697764255193567e-01
4.150600401710854426e-01
4.357981938625135609e-01
4.089056009193433039e-01
4.319317940031862091e-01
3.664866588979692752e-01
3.829672745489450802e-01
4.183955035675760437e-01
3.594325744411148160e-01
3.949929682076557258e-01
4.110452555647283179e-01
4.060623228052021583e-01
4.323514493289472571e-01
4.041851405840047318e-01
4.312146957682198023e-01
4.249689959073721934e-01
4.518188189478553052e-01
4.395533098197238475e-01
3.898948057065100836e-01
4.036326515221940747e-01
3.997572160027061394e-01
4.004657786605568814e-01
4.033077490494241246e-01
4.162234945237131001e-01
4.219437914162475489e-01
4.272152309051279184e-01
4.241808937707786109e-01
3.971053559165033664e-01
4.029906426343966008e-01
3.807996430607598626e-01
4.435893595911787335e-01
3.798223187942887935e-01
3.978770866487028601e-01
3.953568445978020707e-01
4.287409107808962117e-01
3.923731997934098992e-01
4.253808304049709887e-01
4.069954549768086127e-01
4.219373227373541257e-01
4.208591836288165244e-01
3.978694039581354147e-01
4.231243795323896828e-01
4.259501106782292434e-01
3.986184788126451162e-01
3.993625970413542392e-01
4.459292701086039479e-01
4.002869962445357865e-01
4.518458854022147086e-01
4.847045369011639404e-01
3.944299938191796473e-01
4.399249894170195740e-01
4.035855827481608094e-01
4.090840506653747322e-01
4.359596719611085192e-01
4.426384761782626853e-01
4.183161438858982173e-01
4.384114217496358767e-01
4.324230518257267120e-01
4.200278738983239668e-01
4.141511501596399358e-01
4.379482285718563905e-01
4.433775735556738096e-01
3.960318448483251541e-01
4.130658487494907050e-01
4.353945822648121466e-01
4.075497188512310354e-01
4.521511781702114985e-01
3.799170061373389751e-01
3.895433193433228136e-01
4.387716125715009352e-01
4.135611447780022654e-01
3.534646934385835548e-01
4.124358745603561305e-01
4.668719016820654377e-01
4.400572104468825074e-01
4.345708108504099942e-01
4.290649426202649552e-01
3.719188241393699412e-01
4.055753526592065228e-01
4.665961538958577348e-01
3.874206141760626609e-01
3.857379258446452241e-01
4.110397414028724716e-01
4.001876905331895884e-01
4.036310381752780674e-01
4.000822111368471101e-01
4.088179681654796060e-01
4.379398164134090665e-01
3.968578591499948294e-01
3.911453288715024401e-01
4.303227723087340029e-01
4.215262392594910645e-01
4.163416436980607038e-01
3.938226075497629486e-01
4.173011568413979577e-01
3.974099261515769421e-01
3.789597406376290500e-01
3.849331673951715271e-01
4.243925607419770651e-01
4.551255405268081478e-01
4.028253640476447961e-01
4.137360635327359537e-01
4.175033787631379778e-01
3.799872757501204790e-01
4.087154250375817921e-01
4.007459085179220781e-01
4.322956815132046882e-01
4.303024357455482729e-01
4.207485070975092722e-01
4.029321242247110857e-01
4.184189532829996061e-01
4.080670632005725662e-01
4.275677560632482610e-01
4.085478031595481951e-01
4.126940008197610976e-01
4.181893222784457409e-01
3.815061563884024620e-01
3.980382408498493452e-01
4.022846536844563725e-01
4.172993099258930916e-01
3.699859376441727576e-01
3.849554137568657608e-01
4.006578310031555512e-01
3.889918509463229368e-01
4.244394121357212279e-01
4.389818933932486678e-01
3.845664798264337159e-01
4.301610598319365875e-01
4.304325361345138212e-01
4.146676847875077065e-01
4.323476779821486815e-01
4.192397283765002536e-01
3.946090694463136872e-01
4.215405240398572562e-01
3.899635358463540147e-01
4.311927376827921488e-01
4.279918657731948128e-01
4.069389468619146188e-01
4.090811278908718651e-01
4.127234747685163407e-01
3.718362704275596231e-01
3.580287789056944558e-01
4.110788450667216543e-01
4.042072593773943234e-01
4.019253991454974084e-01
4.295946148300220924e-01
4.672172595760665237e-01
4.208843498953965812e-01
3.950707224536249007e-01
4.413699879684950256e-01
4.568194622887265521e-01
4.066400535812412786e-01
4.126150500590063386e-01
4.200642046213690639e-01
4.291655390952898719e-01
3.774504756898308111e-01
3.962273700624011075e-01
3.776272134955207527e-01
4.103243049340186133e-01
4.183978824404019359e-01
4.310184601202594612e-01
4.203163412628795892e-01
4.198342567572389550e-01
4.277045309076409341e-01
4.102755176607595367e-01
4.401414665584461039e-01
4.060817355102580573e-01
4.048012329485883853e-01
4.209263308142698889e-01
4.142411886790018372e-01
3.895588702097264600e-01
4.006094316194123151e-01
3.959157876719313629e-01
4.139228589245038670e-01
4.100686571455117724e-01
4.241661738960419425e-01
4.381355397778303740e-01
4.063814003446811762e-01
3.887108687713982103e-01
4.619273353251463488e-01
4.749145477826893225e-01
4.305509137719603641e-01
4.000754467083161292e-01
3.716407755644188238e-01
4.058633989053955782e-01
4.124080812823328612e-01
4.255997561138682994e-01
3.970758329523599306e-01
4.055651574136495685e-01
4.029131196543132565e-01
4.601420797342575253e-01
4.059274675038332947e-01
3.959150664761644789e-01
4.194075357252751712e-01
4.330285475209443291e-01
4.260640973248983054e-01
3.887158796560753471e-01
4.235656137531318421e-01
4.315898246662147608e-01
4.424747404327394884e-01
3.549791391558749787e-01
4.193137370497030392e-01
4.131143440961160818e-01
4.373054243310304234e-01
4.456195036462379244e-01
4.082870790627238233e-01
4.100717439191615687e-01
4.092052273440776600e-01
4.173636965989795944e-01
3.978849681164338126e-01
4.113684409624930316e-01
4.113409517374974622e-01
4.183979473035773222e-01
3.815932468869108751e-01
4.129907997607688008e-01
4.211650517975124575e-01
4.428709209970202454e-01
3.992695308371612128e-01
3.912559083251139769e-01
