1.052633324504028411e-01
1.051814311687560011e-01
7.825483938341275258e-02
7.641523201039693292e-02
1.346047569703556213e-01
1.315396940647027280e-01
1.247247331033458917e-01
1.147482018570305379e-01
7.041015713108378371e-02
9.022201337242749530e-02
8.589220518965043349e-02
1.333351336867671377e-01
1.107537206335701130e-01
1.162019309016025376e-01
1.525807671906444785e-01
1.200405177755895780e-01
9.308496363256275885e-02
1.239754678290969636e-01
1.519033536770576509e-01
8.825946251382901786e-02
7.545797746979673870e-02
1.086266907136711757e-01
1.219818039050669378e-01
1.272825634670074202e-01
1.081634193704930913e-01
1.385141869340435206e-01
1.174836910568433368e-01
1.392493579825502259e-01
1.509229050246095327e-01
1.457449761112658559e-01
9.439879764619682478e-02
1.041150122891380259e-01
1.147841859725373947e-01
9.301061676205799045e-02
9.810064628206907611e-02
1.782351986825602974e-01
1.299300399201227529e-01
7.750864290369625931e-02
1.434689685349454236e-01
9.243515320495374055e-02
1.212410570965109652e-01
1.400538694696825959e-01
9.872454464583439726e-02
1.298496602764305785e-01
1.795221356642920374e-01
1.320793136201401374e-01
1.147441640656120532e-01
9.385437935283513777e-02
1.229282672342359578e-01
8.405796047885387423e-02
1.164210795096439488e-01
1.494746607830456930e-01
1.312588121582106138e-01
1.661104218724651360e-01
8.978380597070682867e-02
1.349034880497425037e-01
1.389488279467078202e-01
1.067946047229989259e-01
9.704843503980131736e-02
1.079461590604312571e-01
8.917483748575938396e-02
1.211390338285123214e-01
1.203727815457011213e-01
8.170313259130246308e-02
1.427627148153943482e-01
1.150834199754147830e-01
9.942070333568350793e-02
1.105243506201123022e-01
1.139425564590102191e-01
1.360113752063530634e-01
1.081662647716594289e-01
1.250771551005119275e-01
1.037407289022130169e-01
1.345805880710980451e-01
1.367611904189577898e-01
1.178631225742090977e-01
1.350602290982228226e-01
1.237937756026497027e-01
9.183348516381886761e-02
1.293268518002043677e-01
8.366087100241612062e-02
1.019528758047483635e-01
1.254134572711496642e-01
1.052554849412435517e-01
1.024987639845034854e-01
1.230673529222015838e-01
1.028458353391356050e-01
1.091103070099083833e-01
8.707384081772411022e-02
1.175177555410529540e-01
9.596987204839850516e-02
1.125837557933117294e-01
7.284819324763794346e-02
1.127897325951707080e-01
8.626575534151854907e-02
1.083928508029137483e-01
1.132720539041235375e-01
1.231544432030148573e-01
1.220194579621286801e-01
1.508083641097811012e-01
1.085651258103088324e-01
1.258850818047369535e-01
1.770294649462149095e-01
1.269048429331151029e-01
1.362443038190696010e-01
1.239683592859591732e-01
1.071172224420653407e-01
1.371062530316967398e-01
9.931011496702013552e-02
1.136910652468135219e-01
1.379576647442715409e-01
1.342284351625082084e-01
9.922979635642321938e-02
1.511653605059941341e-01
8.546563295271811245e-02
1.006110425134757735e-01
1.260306948929562076e-01
1.262771150691162636e-01
9.057814663951688217e-02
1.394940371948783231e-01
1.190210712758962008e-01
1.775351262202496394e-01
1.343246173298127955e-01
1.236168085344818979e-01
7.591550077732098223e-02
7.470895822751541515e-02
1.426031811650670389e-01
1.906079626776567282e-01
1.111919927492475979e-01
1.366284087432549088e-01
1.120827736296041433e-01
1.037736120619145302e-01
1.276306983959462904e-01
1.596167113168050211e-01
8.240064531592061758e-02
1.098644810053769072e-01
1.244965710553864041e-01
1.693680596477110112e-01
1.506797841276909522e-01
1.212483081525108225e-01
1.143403214995032113e-01
1.332214407655742394e-01
1.222916346292215045e-01
1.427305932341141614e-01
9.542517645210160659e-02
1.086273594292396644e-01
1.458801879484782071e-01
1.123277211958430832e-01
1.288019690014245711e-01
1.111353483172929507e-01
1.152054999112342298e-01
1.748160058815870777e-01
9.476503529338464737e-02
1.314761897855451778e-01
1.153770974891872025e-01
1.201058977473497824e-01
9.096756761767173238e-02
9.991658911840153867e-02
1.047831270974224349e-01
1.041725008011581410e-01
1.689323559075170955e-01
8.900340658057417920e-02
1.185439795148412190e-01
1.092841834780658994e-01
1.017016647411632668e-01
1.262056501068229419e-01
1.518546027353400718e-01
1.081883690984137142e-01
9.139059601306495639e-02
1.216394727843208290e-01
7.565564661368921751e-02
9.593890071639894768e-02
1.047434185809339446e-01
1.252460649753474597e-01
1.274906793177478792e-01
1.171540035569081650e-01
1.048837536383174507e-01
1.287599377930959688e-01
1.501850226878809758e-01
1.139423231384172619e-01
1.166490292993465072e-01
1.534485846007776488e-01
8.341834661916873450e-02
1.272977548010008619e-01
1.233309630834532877e-01
1.378705032115667695e-01
1.141476390845360678e-01
1.188654582968736440e-01
1.114648204312262691e-01
1.224750808513238864e-01
1.064302916408296634e-01
1.277147794106315015e-01
1.449891283507492856e-01
1.500977327202865086e-01
1.326113879598509460e-01
1.050168364508375085e-01
9.856607170778904081e-02
8.919271427612904257e-02
1.255007709784152214e-01
1.733259235835394318e-01
1.503169094946520123e-01
1.282726863140751516e-01
1.195193986810112741e-01
1.156527378220018054e-01
1.231591699023157904e-01
1.389581302808334251e-01
1.241182858311388193e-01
1.018838223962063444e-01
1.114715742438881357e-01
1.332320522396450713e-01
1.270698686527688970e-01
1.198933199164383262e-01
1.516372572523387030e-01
1.367494078624274523e-01
1.370091480431021302e-01
1.319566457160135375e-01
1.241539012054057034e-01
1.537175802768229460e-01
1.611771939376132334e-01
1.407185735821538108e-01
9.838460078887215077e-02
7.940661668944190565e-02
1.408294744017993816e-01
1.390072432581451467e-01
7.374721736322338572e-02
1.455229412143927425e-01
6.755133294191488502e-02
6.814901546726077897e-02
1.143018730677127087e-01
1.124234281345717068e-01
1.325503170761776484e-01
1.323061530326703761e-01
1.335573998745278879e-01
1.003767819580680953e-01
1.101118721793155342e-01
1.118059702276342493e-01
1.023075761124316169e-01
1.261128583293513461e-01
1.047992823264359413e-01
1.042151135926055600e-01
1.438849023818747908e-01
1.793907832341744557e-01
1.252330217002947388e-01
9.145153821114207493e-02
8.074986376640211350e-02
1.664304240601879870e-01
1.091605472580647052e-01
1.268481182389918915e-01
1.283621157204696828e-01
9.937534486531392208e-02
1.236394506039345115e-01
1.082697215743244623e-01
1.477131109382861518e-01
1.591622351223069554e-01
1.161981302660174131e-01
7.889073020264596170e-02
1.929099060808777688e-01
1.399333099582309170e-01
1.484325117107972991e-01
1.191529388052542382e-01
1.378576997068145515e-01
1.023870648061932648e-01
1.227966673733503072e-01
1.047889972369617506e-01
9.314610442983979610e-02
1.117265014904242904e-01
1.173687619042584201e-01
1.157044747893327397e-01
1.348386257245632880e-01
1.055600605042341933e-01
9.987559818919262977e-02
1.177519164658551165e-01
1.433899084460545370e-01
1.172448645154724051e-01
1.420755925825071264e-01
1.310891127548532986e-01
1.183798407844593170e-01
1.243654225398239943e-01
1.238723399025628974e-01
1.264341763548064157e-01
9.632999409320985862e-02
1.174458629831616890e-01
1.028211543809570278e-01
8.901131549743213078e-02
9.090351495225892919e-02
1.147965156124820807e-01
1.717962922940146908e-01
1.085169809242726852e-01
1.625998893887066477e-01
9.006642691112906607e-02
9.777373050548618383e-02
9.869019150841425170e-02
1.274636687416401959e-01
8.761153447815402118e-02
1.481549225694400174e-01
1.362006320341992149e-01
9.088775766484076535e-02
1.219859397824827607e-01
1.413682210696347863e-01
9.364983685548881887e-02
1.312133794473227255e-01
1.421482823850421240e-01
1.232074570461443030e-01
9.122370993958725527e-02
9.441250185791121019e-02
1.001471147129939510e-01
1.302510035238092778e-01
1.233419523601637924e-01
1.320177564807256954e-01
1.124531296198243713e-01
1.238832489263261422e-01
1.237560981894511025e-01
7.898772245746932263e-02
1.619404977460691952e-01
1.291995579334334343e-01
1.017505898397293301e-01
1.090227253215555886e-01
9.570600560450615024e-02
9.372024855386804076e-02
1.296349860596872627e-01
1.520878851864860548e-01
1.343646142903192620e-01
1.199102678522760285e-01
1.043968024445259546e-01
9.531341820640859552e-02
1.589855403074272588e-01
1.729106656346586224e-01
1.500972956635222011e-01
1.183899620756554416e-01
1.015991510203223536e-01
1.170563410324103604e-01
1.123912768391742423e-01
1.176117735753910293e-01
1.176696678927868084e-01
7.732441750887579512e-02
1.020713847322978207e-01
1.155686611227811078e-01
1.213742384651394640e-01
9.843433344915712702e-02
1.021928946583710446e-01
1.510026603278941948e-01
1.054464135756466303e-01
9.331668016672359234e-02
1.204272317890624777e-01
1.247141887879305300e-01
9.496697443007748318e-02
1.066199898625430215e-01
1.402602543091934773e-01
1.050883236183192126e-01
1.105201317917357401e-01
1.000603431870592114e-01
1.072902734703108790e-01
1.258034352247568710e-01
6.720272437180078995e-02
1.178160247002640049e-01
9.663494082363974225e-02
9.976572953449755476e-02
9.809956191002333625e-02
1.382581676802780712e-01
1.112633613242345748e-01
9.088067043397171640e-02
1.192582668346959529e-01
1.193832957996498328e-01
1.841553642280287506e-01
7.723894186577595633e-02
9.228261480059143929e-02
1.294684994289527213e-01
8.437923327065857682e-02
1.529502107093728969e-01
1.267324135273174557e-01
1.768561672932686402e-01
1.115844555979638442e-01
1.539843914970007999e-01
1.119629931545873119e-01
1.379908635078739287e-01
1.037262556808814101e-01
7.820362021756058213e-02
1.639732497910247888e-01
9.467030988333750841e-02
9.196930441165133974e-02
1.000789449565105266e-01
1.357982591084538893e-01
1.340708393349315519e-01
1.225592185129958933e-01
1.176558309911662076e-01
1.788433928790200689e-01
1.019042415409446012e-01
1.025034026230062095e-01
1.306069446063156669e-01
8.394745361989057464e-02
1.224722014572427742e-01
1.193587791310039004e-01
9.498226547053453817e-02
1.220897767187879290e-01
9.736895254465934013e-02
1.344000478937141252e-01
1.062636396966354785e-01
1.312093216856270450e-01
9.858496492256563215e-02
1.027418149863200680e-01
1.087020979380086266e-01
1.076808623270865961e-01
8.772449174858650001e-02
8.708652846486257537e-02
1.678124278699436867e-01
1.201909481253099071e-01
1.357033351825266965e-01
1.156235151224047908e-01
1.206277335385470828e-01
9.412893287509187246e-02
1.258162198018170641e-01
1.299892218088218310e-01
9.953371353630169338e-02
1.170512008970839013e-01
8.981825957246761249e-02
1.276419357842293045e-01
1.394254949787089304e-01
1.222763399754251551e-01
1.378763800058953881e-01
9.945384566038399654e-02
1.158670048828578103e-01
1.272900410874283073e-01
8.506284161812815992e-02
1.153022231574993423e-01
1.165074562114270379e-01
1.346374968476734268e-01
1.313828995081549600e-01
9.636744754362265575e-02
1.079635815734316662e-01
8.343561116725375926e-02
1.054501687021986711e-01
9.954316361254707257e-02
1.074624280516413705e-01
1.060273821505981762e-01
1.192813849455629238e-01
1.241279044370053042e-01
1.495061547959549431e-01
1.053278274809109211e-01
1.135663221917819765e-01
1.131007937370942518e-01
1.348475134758483907e-01
1.533382903419776289e-01
1.298085309787871400e-01
7.723591373389115944e-02
1.105175919507133953e-01
1.533936010561201824e-01
1.235381560567674619e-01
1.187380686208356489e-01
1.445680240674505346e-01
1.225239624719537401e-01
1.126575583302959344e-01
1.412692971628683181e-01
1.042112575547185366e-01
1.187573838562487882e-01
1.259632614207505386e-01
1.004832202570447724e-01
1.224057131523371283e-01
1.094074470100394186e-01
5.247918651691707570e-02
1.301911798858314540e-01
1.281885889890809205e-01
9.389164594783790119e-02
1.193268535914658035e-01
8.489738855803496964e-02
1.065005144613307558e-01
1.064419607272443502e-01
1.294019462311179480e-01
1.153415277784039239e-01
1.212969210543833887e-01
1.217992800939134979e-01
7.509490642275291894e-02
1.164794235495888730e-01
9.514239022543520552e-02
1.512313642080378995e-01
8.331816358518884247e-02
9.690105852306511725e-02
7.789245929669993962e-02
1.237794221995362209e-01
1.198468205498124384e-01
1.607459526548443984e-01
1.985229716137671685e-01
1.073399493644843633e-01
1.285539387885286100e-01
6.982490267570147513e-02
1.287612653406997043e-01
1.035326831120154667e-01
1.097826956918132313e-01
1.152498905377357802e-01
1.220674225199043922e-01
1.212491665893176834e-01
1.372709729324888273e-01
1.565798338122812994e-01
1.144943836758468281e-01
8.010643279617549184e-02
1.168437354812790624e-01
8.881434940289320568e-02
1.450027196633084103e-01
1.497518105732149885e-01
1.859682958237491301e-01
9.354706707979092151e-02
2.127878076069064373e-01
1.523589978091428876e-01
9.610814130190632743e-02
1.535070654103083687e-01
1.079726297071057217e-01
1.201720110146687892e-01
1.466189430032853735e-01
1.358880944676326974e-01
1.305437360954816439e-01
1.304422047693543085e-01
1.343662843889512071e-01
1.396826415975210844e-01
1.255127199470921773e-01
1.371684504447613917e-01
9.183355396636823376e-02
1.343767853383272814e-01
1.199512233959500185e-01
1.074085567684998077e-01
1.145210785787959401e-01
1.153862170441012636e-01
9.003576981445038374e-02
1.188648801439778635e-01
1.154021289862987160e-01
1.178759006951237698e-01
8.288517592882441165e-02
9.567090821236653997e-02
1.516809871347673533e-01
1.165091831434857533e-01
1.455110985854115024e-01
1.320150666484357360e-01
1.471856343622646168e-01
1.948217850397735984e-01
1.093609202276278197e-01
1.345260214187536107e-01
1.162143851555655222e-01
1.422656103030753294e-01
8.714278861553870215e-02
1.171884288148439535e-01
9.499452005321329384e-02
1.545302037998529388e-01
1.274134873800694123e-01
1.019591053026816241e-01
1.344658336842673441e-01
1.175983037983165114e-01
1.121834913424064606e-01
9.131272965293621424e-02
6.752978934439908543e-02
1.069462198501036215e-01
1.093645110063862225e-01
1.376441852537055865e-01
1.246374369079974453e-01
1.387202055481478458e-01
1.148371273029973327e-01
1.482042705633019597e-01
1.426998019264676398e-01
1.376042310602840213e-01
8.588276057410541842e-02
6.208355230551192150e-02
9.755061485465479909e-02
1.354005201853247520e-01
1.365197922163323141e-01
1.335204546594940256e-01
9.268704678538011721e-02
1.324563400834803950e-01
8.321956556786866410e-02
6.232555133658850000e-02
1.638768224709931665e-01
9.484880195474917897e-02
1.154108133363677957e-01
1.168222524668514478e-01
1.258190878129882839e-01
1.098231710556482332e-01
1.203951474264857852e-01
1.251053718690001149e-01
1.532867713777280039e-01
1.324026675250317975e-01
1.311000542815107806e-01
1.391212984182649548e-01
1.043808650764404267e-01
1.330804592739605052e-01
1.264668439822514978e-01
1.264404599249348560e-01
7.139757840481830709e-02
1.562504420138666750e-01
1.050825117176167056e-01
1.178472098302696669e-01
1.444461178224696329e-01
4.727996398759030938e-02
1.097302724344454417e-01
1.205246358467028933e-01
1.230094443325322889e-01
1.165181474287625418e-01
1.461687632353448896e-01
1.440191856599922215e-01
1.200486647703522120e-01
1.203943665450996486e-01
1.168715209764872587e-01
1.296509313350637238e-01
1.297434616825914877e-01
8.781954806648413492e-02
1.176924864035098495e-01
1.371837219031918353e-01
1.065746295668088539e-01
1.036066249060597910e-01
1.356724059499085366e-01
1.050971075209732319e-01
1.254060892590093124e-01
9.330042856292450337e-02
7.904188059423719603e-02
1.047102726731997946e-01
1.663160100308765932e-01
1.415296063220143619e-01
1.121066999989546176e-01
1.121185882447827825e-01
1.378729119178581930e-01
9.509481127066668482e-02
1.168173128410879419e-01
1.356013214805130151e-01
1.153331739592701605e-01
8.064980233014953925e-02
9.519432408020558900e-02
1.060239801911261326e-01
1.321984285890672184e-01
1.505337473627293698e-01
1.143350128193429266e-01
1.209303662071942870e-01
1.479547172095321828e-01
1.196070594534064391e-01
9.010428651104770981e-02
1.066004357651666457e-01
1.267067729749733751e-01
1.055420695863351632e-01
1.143640606779565416e-01
9.423349474386535918e-02
1.150006895458678818e-01
1.199844376300362170e-01
1.562140670325217751e-01
1.038319039509757041e-01
1.316649167829684330e-01
1.058501431613198401e-01
8.433830313515533472e-02
8.717885334019907784e-02
6.920735201510122558e-02
8.022172163122695543e-02
1.187609406034880050e-01
1.123584173248362433e-01
9.789536354457986644e-02
1.211496944995443525e-01
8.755413565419938038e-02
5.653756579050663728e-02
1.500512380242969290e-01
1.002012776376029757e-01
1.401732967854012746e-01
1.071244403610757540e-01
1.297723060073161794e-01
9.387501177394788621e-02
1.342123625154865718e-01
1.361746990801848134e-01
1.274615727156708234e-01
9.970143393332926707e-02
1.405190284389848943e-01
1.048187813251534317e-01
1.328649416975851427e-01
1.178857092933026651e-01
1.218700535320483835e-01
9.379356760595344844e-02
1.378811013536723751e-01
1.286519650605666698e-01
8.481484143709623613e-02
1.289313991023509631e-01
1.616517106734625953e-01
1.370011419195156788e-01
9.457681337423855250e-02
1.118048816729363820e-01
8.613711216210280519e-02
1.086525639138421068e-01
1.460385467459756614e-01
1.014590883887213496e-01
7.777208531891159626e-02
9.252570638022199201e-02
8.889767501942602568e-02
1.059934840969394276e-01
1.214905803320059097e-01
1.244541120159356196e-01
1.565738339336702756e-01
1.375644713673962460e-01
1.337799626679665455e-01
1.316951367806861728e-01
1.239174269074553303e-01
1.319536654490219563e-01
1.209905310721792054e-01
1.309277982445887223e-01
9.780287125430556228e-02
9.719699211649238113e-02
9.771311027637870350e-02
8.578152363914556822e-02
8.266087153603066118e-02
1.245984133571726576e-01
1.350802554667687172e-01
1.281367761861023913e-01
1.522252516499909003e-01
1.215368429388206384e-01
1.435797513118267088e-01
9.492374919585855331e-02
1.552149935549310689e-01
7.739350380870566037e-02
1.394968875502526906e-01
1.393912998708361772e-01
1.536655352807610453e-01
1.300352073018354038e-01
1.060315109928566119e-01
1.047055130099089626e-01
1.204582014518054411e-01
1.691583730354341841e-01
1.509029426569828969e-01
1.356148166947934719e-01
8.726707986663014005e-02
1.213529741415588364e-01
1.235854076144691227e-01
1.329396699509667878e-01
1.058498408833470628e-01
9.946180856563031913e-02
8.951119647527221168e-02
1.245261888382264842e-01
1.189197349889022093e-01
9.901491649981128407e-02
8.820194221385688205e-02
1.277587952254743420e-01
1.274656202305656516e-01
8.389878080176722819e-02
1.087043645087856641e-01
1.254597924174910284e-01
6.479298516267657793e-02
1.024151282227967058e-01
1.229965870442657899e-01
1.093954676396387271e-01
1.450818060774394236e-01
1.231277381375791985e-01
1.017344227301333753e-01
1.189817321165322489e-01
9.755284631284175112e-02
1.148702826964417556e-01
1.139307020525288233e-01
1.317547888242059373e-01
1.545155660373592199e-01
1.022782053025956817e-01
9.710731876570455334e-02
1.296002477734126968e-01
8.595353319215490173e-02
1.115441690642662020e-01
1.230340267754082423e-01
1.487500462277673297e-01
1.015660581191753231e-01
1.262243609951997358e-01
1.179840331022994071e-01
1.247355326429877148e-01
1.510853669012156286e-01
1.516177181184561462e-01
1.039111880018055434e-01
1.061441220375237415e-01
1.145737993038098007e-01
1.039297143469894713e-01
1.401683217699312700e-01
1.104028004669882768e-01
1.154488014550676817e-01
1.486999138968879142e-01
1.163249428300937582e-01
1.490096054212956544e-01
1.254900946446201870e-01
1.237912082916204082e-01
1.307795634229261816e-01
1.384818512246213384e-01
1.318039027587029899e-01
8.091170642406428359e-02
1.463576403397943149e-01
1.442249377820019607e-01
1.332547915056044030e-01
1.079013308357381629e-01
1.025039750766211233e-01
1.399281713132681237e-01
1.533919158142275085e-01
1.113687992544975386e-01
1.208596047717453298e-01
1.083502692817370772e-01
1.005041636807565836e-01
1.134636198455875322e-01
1.001898752685494165e-01
1.198068169153115176e-01
1.278421431927218299e-01
7.204400157670043381e-02
1.103333952937692458e-01
1.101747704098338804e-01
1.072195083071027649e-01
1.045638437036751911e-01
1.522943673495885941e-01
1.594720170260604253e-01
1.219732576067927843e-01
7.996328318728958273e-02
1.036447476608860219e-01
8.536193955539625455e-02
1.172402694480529639e-01
1.642303302451443014e-01
1.673434516898356650e-01
1.177985841814698509e-01
1.340502360296212114e-01
8.800313847852203608e-02
1.195223798867543624e-01
1.277521363412235933e-01
1.329519988657271445e-01
1.163174250845434854e-01
1.335740307412476291e-01
1.361836219356554190e-01
1.259093341818727230e-01
9.171906142055301359e-02
1.193780976903253688e-01
9.569134258471985455e-02
1.146161394943521622e-01
1.177459801718881566e-01
1.206632717649765568e-01
7.449281747618596849e-02
9.272289583008638814e-02
1.278670142230795281e-01
1.295582746745203573e-01
1.100409131396990342e-01
9.606085965305692642e-02
8.605680826701930797e-02
1.192279027199761171e-01
8.398419388867277291e-02
1.263177402788535353e-01
1.070222197764027355e-01
1.068174046544670963e-01
9.108309191993665954e-02
1.595291560550932686e-01
1.340125841582615607e-01
1.181096281236287959e-01
1.218627608157221431e-01
1.014886948430890473e-01
1.106060088888903836e-01
1.322541583669169518e-01
1.437184381655948751e-01
9.671913731438352979e-02
1.353950444456982483e-01
1.619051174935157156e-01
1.224108606628269147e-01
1.310562929619530081e-01
9.899141187745105763e-02
1.039497127205257498e-01
1.188784210810582553e-01
1.450695372704263464e-01
1.630189212895344908e-01
1.091228676861898117e-01
9.720083833070647383e-02
1.023690349804819710e-01
1.838094469842094791e-01
9.011328091575812604e-02
1.556963878134783319e-01
1.148183243063759934e-01
7.231699364956907516e-02
1.224452805033333369e-01
9.517117792349523431e-02
1.368751852574008332e-01
9.907602558412842431e-02
1.241825161478317396e-01
1.176967791270971536e-01
1.374130504705520228e-01
1.581882718035222402e-01
1.116752870319681207e-01
1.654206137352465522e-01
9.334373029859754922e-02
1.164749667400702543e-01
1.437485148442135818e-01
9.823467642262988242e-02
1.081927803820974809e-01
1.483125601796759507e-01
1.873990409946356128e-01
1.400764969195789356e-01
1.204971778434396484e-01
1.138699586320541801e-01
1.497903919330216271e-01
1.202403374455410373e-01
1.075458719377473116e-01
9.792167791166768442e-02
9.510557357548984903e-02
1.295373404397224815e-01
1.022701910633625755e-01
1.115828502726334409e-01
1.124682888331832026e-01
1.136430116089741649e-01
1.171267931467324663e-01
1.181939273790231643e-01
1.151753049134075085e-01
1.199961889131089671e-01
1.091215191720940475e-01
1.144176425357521509e-01
1.349527280096546877e-01
1.208564636744484944e-01
1.258858346897469560e-01
1.010355633556364596e-01
1.285594936276838463e-01
1.211734961453006382e-01
7.077155361984528714e-02
9.126558645640747702e-02
1.201292027474878815e-01
1.051474338787368595e-01
1.088703473171308556e-01
1.368211134113710703e-01
8.269553092483143686e-02
1.110860009226823930e-01
1.259150559410562864e-01
1.109985346010909646e-01
1.388866629545856268e-01
7.569006882960153948e-02
1.094175957552064454e-01
8.102467732549420432e-02
8.671986503053426276e-02
9.300036939081750276e-02
1.250715097018234023e-01
1.200118774114694864e-01
1.024469807517187636e-01
1.303073606871169021e-01
1.105651747036409394e-01
1.330949732101395500e-01
1.596844192554920383e-01
1.101935411925085290e-01
1.182963517967529909e-01
1.653457544139056989e-01
9.961223905924503075e-02
1.190050028389665615e-01
1.132897533290653513e-01
1.311964893720281577e-01
1.484809960163095688e-01
1.102809552537517279e-01
1.070373665039660305e-01
1.707880264522159963e-01
1.058758953639645367e-01
9.706035933184067876e-02
7.055276816427594189e-02
1.031178756533017021e-01
1.618722210252655502e-01
9.722488120667797940e-02
1.358324318954472198e-01
9.715414812262959665e-02
1.006495458265072723e-01
1.436386263346074998e-01
1.302394581429422993e-01
8.610170336355235654e-02
1.490568749660768910e-01
1.489797603942935589e-01
1.371033598319140179e-01
1.127587529920748705e-01
7.606634092507882916e-02
1.005226066012784580e-01
1.040502416149529513e-01
1.162864888465111185e-01
1.278392226406121490e-01
9.465852705523922217e-02
1.046882643574064825e-01
8.938743296503215419e-02
1.174870961543611064e-01
1.198775219741292364e-01
1.296416059820042210e-01
1.100052243585285805e-01
9.933297439586379063e-02
1.178606024503435074e-01
1.230318200244568533e-01
1.037824279287753032e-01
1.040023655773196359e-01
1.055776608555463458e-01
1.047047067779353774e-01
1.163551592406925766e-01
9.864201453992713087e-02
1.139485486703265826e-01
1.116136168742817292e-01
1.114186092242408777e-01
1.239744694965975447e-01
1.249635506259628021e-01
1.082738858941879878e-01
1.002073576183503401e-01
1.748175910409355271e-01
1.214232383641059565e-01
1.321733600357191674e-01
1.282006591781379157e-01
1.359073627047347466e-01
1.041810149669431390e-01
8.266365970328726220e-02
7.467155413845746881e-02
1.301206942119615406e-01
1.489141538975651824e-01
9.711137712355691343e-02
1.305067799402172268e-01
1.489296782375432171e-01
1.070461345130132164e-01
1.070389171384533294e-01
1.305503989593687908e-01
1.363867647203544364e-01
1.174813830524749081e-01
1.212836758945756432e-01
9.960204450101932394e-02
1.335247825044607595e-01
9.845077912745725524e-02
