2.820628759047325573e-01
2.812205779568350272e-01
2.650850727388139871e-01
2.890206716467043080e-01
3.010778586727596573e-01
2.770228563330129345e-01
3.074942316100120476e-01
2.665171223441888948e-01
2.701416914100196465e-01
2.826958685030222518e-01
2.977318377823149342e-01
2.510726857563326808e-01
2.975149722532082208e-01
2.454445705775717135e-01
2.794559312517616023e-01
2.973114435394684785e-01
2.757651029117688113e-01
2.747721319589306876e-01
2.889225331460342217e-01
2.820041236297690657e-01
2.981507376273062060e-01
2.606076997957958441e-01
2.938762989212705956e-01
2.794398569262495080e-01
2.970677081553016463e-01
2.668046473156659992e-01
2.986167580095836493e-01
2.549255563646688483e-01
2.881677312443631789e-01
2.681604200914912139e-01
2.779725081971419209e-01
2.875290672043085416e-01
2.880451024316503794e-01
2.880135426334759496e-01
2.769588717672942235e-01
2.854431065290082836e-01
2.781993439938222901e-01
2.773486790439008698e-01
2.617658018633199912e-01
2.955588747327774213e-01
2.805298487277175790e-01
2.649696788028580441e-01
2.785552596087367827e-01
2.886665228495911006e-01
2.731133344931414020e-01
2.710903781858110539e-01
2.435255564860135391e-01
2.852666021311657807e-01
2.858314576065646984e-01
2.666350137682223509e-01
2.850650767121651330e-01
2.868768122280570543e-01
2.802662355256437254e-01
2.815809042016409469e-01
2.736725767592694814e-01
2.729647327703120796e-01
2.835384370612303861e-01
2.742462140584362440e-01
2.504071781619855996e-01
2.672290650274750656e-01
2.896539573676665258e-01
2.472862732736851310e-01
2.821672859093123931e-01
2.663599989945361068e-01
2.787026159524095825e-01
2.912075945409250410e-01
2.734631034938555527e-01
2.806934542965430213e-01
2.797482677620131142e-01
3.001253725248674842e-01
2.856635906242124823e-01
2.801494123936343894e-01
3.017180796943300658e-01
2.517506916091790670e-01
2.567229518991633874e-01
2.651736645273811144e-01
2.908633921994751015e-01
2.799513228383559982e-01
2.957040689491806096e-01
2.839299332393200870e-01
2.955792230983286251e-01
2.822842928853508404e-01
2.544773196668990156e-01
2.793498304551931821e-01
2.778174874219326851e-01
2.839641713653763277e-01
3.089284051095387840e-01
2.657652627725709538e-01
2.928251105149335953e-01
2.934845256602511276e-01
2.770851508822068654e-01
2.647791077555449735e-01
2.786699282305574732e-01
2.810756331867801383e-01
2.527339700990755000e-01
2.807016969723423183e-01
2.950964124373678388e-01
2.692217939719753761e-01
2.825283091461472940e-01
3.016615241559543747e-01
2.744321842318103721e-01
2.955047410353482396e-01
2.655828721716798624e-01
2.887460638979973959e-01
2.672780906042512838e-01
2.965458398477457402e-01
2.788063334367875679e-01
2.829471837774255039e-01
2.743042190556299609e-01
2.736253352552976970e-01
2.888347101006791262e-01
2.534993147904107680e-01
2.782683844916257199e-01
2.959191393469318698e-01
2.874613258020873863e-01
2.953838507312062100e-01
2.735397989446336497e-01
2.843762551536890837e-01
2.709591156997871453e-01
2.969807497549365460e-01
2.845866428040800811e-01
2.932026408850550991e-01
2.684995330037042160e-01
2.695672342365740271e-01
2.765116718980203392e-01
3.015362721808119706e-01
2.870747564399973029e-01
2.780444547058303906e-01
2.892734393298357909e-01
2.714494439901013467e-01
2.764922414788659188e-01
2.902164746960072539e-01
2.888741514344370098e-01
3.069885331754893532e-01
2.759044596037171782e-01
2.679816225399910823e-01
2.846930255665323095e-01
2.875210454308921859e-01
2.950453324940097710e-01
2.876678449415989158e-01
2.940649056524488603e-01
2.465692567281662639e-01
2.960201742103188427e-01
2.954529119719702668e-01
2.770158673170178831e-01
2.737878532894949535e-01
3.018413515396198843e-01
2.659662988750400858e-01
2.819004355765380443e-01
2.598276910177104715e-01
2.735159527922653711e-01
2.619123913011908167e-01
2.789454908559097501e-01
2.891184507113219726e-01
2.638444928366315834e-01
2.755285491605075077e-01
2.828879290181766093e-01
2.821278050240591528e-01
2.706437906854574638e-01
3.010047888115811032e-01
2.755080521779328384e-01
2.779880079422839545e-01
2.865342150466177462e-01
2.825614013272075287e-01
3.022114833259492706e-01
2.886646051395166390e-01
2.639869037283344988e-01
2.929992451898821848e-01
2.827198314978880411e-01
2.835576769991238200e-01
2.808503048465310625e-01
2.953277540791497957e-01
2.957856126163389554e-01
2.648233549473536508e-01
2.813612670267108262e-01
2.720735056331898272e-01
2.700205114268118267e-01
2.724846262579251888e-01
2.800577971056520954e-01
2.404986358377268485e-01
2.856669047593177746e-01
2.704204790833456551e-01
3.120010220295428849e-01
2.753998448035978042e-01
2.874926363114277961e-01
2.470891623957451044e-01
3.058810770846475124e-01
2.827974255568000972e-01
2.913394777973979943e-01
2.969670517427252521e-01
2.845281954385347478e-01
2.878505039131821208e-01
2.869934393882848100e-01
2.934850338258999658e-01
2.774315188037819735e-01
3.138923114140605430e-01
3.091141587918248557e-01
2.981950455725914662e-01
2.695960892426493283e-01
3.082655224373535563e-01
2.869666102102832461e-01
2.721228327886268117e-01
2.624735992993632583e-01
2.996411272113915780e-01
2.979850221627714513e-01
2.852349437843703095e-01
2.866656847508458617e-01
2.982554919553023209e-01
2.815227866868509343e-01
2.912490123845747347e-01
2.800464696355867145e-01
2.776476231222202995e-01
2.972244141361195524e-01
2.695112889131154321e-01
2.926054837534882158e-01
2.970059164741379876e-01
2.555832551030752797e-01
2.897490076154803362e-01
2.785435044456039955e-01
2.703497012864475302e-01
2.839741069176803245e-01
2.892508711426728385e-01
2.814458079569230331e-01
2.844287067155762960e-01
2.648604664645233808e-01
2.802727248390481374e-01
2.685118100055229329e-01
2.904570532938445249e-01
2.869754596083209930e-01
2.779389335548346773e-01
2.733144084886545144e-01
2.875285729092819653e-01
2.803432214390498833e-01
2.814921467268326483e-01
2.751521258981764473e-01
2.997011044602787555e-01
2.596535863760421337e-01
2.992547171610207557e-01
2.952368911977121257e-01
2.877589840728759230e-01
2.809626093446769834e-01
3.047939030935071236e-01
2.868664058228651004e-01
2.810763884312043603e-01
2.852667119256447892e-01
2.852514556600614926e-01
2.952978489313835553e-01
2.787428736197486989e-01
2.737943828313628702e-01
3.009657502679046748e-01
3.064229879413988278e-01
2.910312506258513343e-01
2.906344483404281753e-01
2.556130427736876820e-01
2.787603965761644709e-01
2.779812450776857347e-01
2.818079329805874833e-01
2.952904851185135238e-01
2.747648608708564977e-01
2.878899303335366588e-01
2.576031810635027730e-01
2.633816555461544473e-01
2.955840743612765942e-01
2.770308308132633512e-01
2.729169737699160270e-01
2.718791553495157887e-01
2.707368578894123745e-01
2.820946397337531497e-01
2.790473814592603352e-01
2.975842477591919000e-01
2.762926940740763615e-01
2.901021380723252108e-01
2.914356190084200771e-01
2.972353813298907466e-01
2.764478970231216692e-01
2.842545428309998234e-01
2.759514032115402138e-01
2.844209572001898390e-01
2.978287596981342711e-01
2.602401930614864911e-01
2.720088429925117679e-01
2.913149792943411365e-01
2.727983014564068220e-01
2.802623778617129302e-01
2.789851063992729863e-01
2.729781055765498898e-01
2.637895929733349298e-01
2.753055981237140237e-01
2.836653926529842384e-01
2.872437230416980958e-01
2.790466332399582639e-01
2.550904657612445559e-01
2.786431527620968907e-01
2.877762745837505465e-01
2.931331666184494589e-01
2.730750887711884678e-01
3.124968155891781896e-01
2.876102149146350651e-01
2.999830182604433237e-01
3.156211047014434445e-01
2.970030696868691256e-01
2.774051478091679734e-01
2.738430175697592617e-01
2.957906541640891729e-01
2.710645291403435686e-01
2.972894649869451955e-01
2.823751230406298940e-01
2.776112060697056849e-01
2.941007016768065196e-01
2.946458537193920035e-01
2.725938685198482370e-01
2.860793031097133010e-01
2.734317458120973932e-01
2.822881336690941656e-01
2.888951177170270834e-01
2.837333214289729511e-01
2.781318868058176852e-01
2.845697228689794689e-01
2.951361616036495272e-01
2.640510695789902718e-01
2.605197811119353557e-01
2.882547725734689870e-01
2.916628839179813970e-01
2.719884507701810783e-01
2.651979887917818024e-01
2.620721515998273299e-01
3.039269117938285802e-01
2.916427429312135056e-01
2.911668527288777120e-01
2.876134828432986845e-01
2.807492391662907982e-01
2.812755770037385084e-01
2.765501225164871957e-01
2.691811954339579649e-01
2.836774978681070314e-01
2.777640534452033849e-01
2.924917539163675029e-01
2.965081161047823932e-01
2.825837615564593674e-01
2.942817565389068135e-01
2.939678295413601927e-01
2.750083634855898795e-01
2.912157003117211707e-01
2.944342694492538826e-01
2.949227747751523299e-01
2.669495890240979330e-01
2.868929028632299927e-01
3.110993341967818737e-01
2.878271073825130477e-01
2.674273386570561462e-01
3.152298894967439091e-01
2.811706805184929769e-01
2.456466478512009943e-01
2.838907517003380621e-01
2.587707164170804930e-01
2.720752373483277253e-01
2.681762583579085923e-01
2.810547860063049574e-01
2.997486881451368879e-01
3.109494243085934029e-01
2.808804392936353755e-01
2.814840918099620337e-01
2.764129730261431495e-01
2.963313657535870393e-01
2.438842582086286070e-01
2.856733186015106840e-01
3.030777333237525406e-01
2.746348242082140567e-01
2.601900544104170931e-01
2.614951726832804302e-01
2.794862574674844002e-01
2.730419070544147786e-01
2.765708730733559828e-01
2.784313581264240556e-01
2.711467343312324307e-01
2.874780906289028937e-01
2.867575061845008544e-01
2.798371109936728662e-01
2.781715295046501280e-01
2.685716402225953869e-01
2.849580603733161688e-01
2.995920633446291781e-01
3.060953335425743993e-01
2.672948832011197706e-01
2.751703675484459266e-01
2.838711987146974036e-01
2.876068405747971291e-01
2.643947889368984949e-01
2.611136895465521190e-01
3.075380152630394770e-01
2.687055800489892010e-01
2.839217398741028520e-01
2.823125590661841877e-01
2.807048082398949096e-01
2.718334085202774864e-01
2.983786498042504953e-01
2.971500249842885522e-01
2.755817245784328295e-01
2.886316173955391640e-01
2.792440230621382469e-01
2.735522373077253211e-01
2.885416209483565586e-01
2.943699545899813863e-01
2.839218342248511773e-01
2.743685218015146643e-01
2.652683135304437223e-01
2.976776362255139641e-01
2.744036613495829391e-01
2.983623399627552408e-01
2.791009121609694388e-01
2.558456945496813684e-01
2.795736634353662153e-01
2.678099126558289855e-01
2.652302837830877724e-01
2.738082379856378590e-01
2.698724094873153345e-01
2.708156035784640148e-01
2.906792285686811139e-01
2.771824889709032513e-01
2.800455701772036621e-01
2.780854524824856178e-01
2.842262278643040152e-01
2.608679552669611046e-01
2.930933385457394902e-01
2.717228213248893409e-01
2.573514532156904178e-01
2.965166271552562849e-01
2.880808953828500885e-01
2.530362007629154975e-01
2.781673575489564954e-01
2.759081797158456917e-01
2.824454127794218117e-01
2.665251775825625558e-01
2.882260279098222133e-01
2.993349067591095092e-01
2.945448332677895742e-01
2.787857611048313311e-01
2.774821164906494109e-01
2.852597471253556227e-01
2.708978085917254641e-01
2.810918316797499927e-01
2.675661625923851372e-01
2.819431577789327514e-01
2.811318875526135352e-01
2.761354640663237769e-01
2.790140736087365347e-01
2.823476095076218328e-01
2.748254431542118681e-01
2.790025061961804442e-01
2.564115012616124956e-01
2.852825001438852315e-01
3.021029928239423179e-01
2.878460182482194263e-01
2.739854041530975226e-01
2.684786218339406116e-01
2.972981624970912895e-01
2.869159061727515336e-01
2.899556687912986375e-01
2.864756482045353048e-01
2.482039360914350401e-01
2.873660560588729429e-01
2.938158393664233037e-01
2.846323040020720119e-01
2.740743818971970169e-01
2.955075504318956381e-01
2.807138464526488519e-01
2.746209303068832264e-01
2.785747561394148475e-01
2.781526550811162513e-01
2.824361719025734185e-01
2.909135152459760287e-01
2.796673005000232526e-01
2.715004357154600645e-01
2.917358160515524657e-01
3.086032100592479566e-01
2.653909460107994889e-01
2.505415267195008622e-01
2.829478919425948424e-01
2.810784870261169854e-01
2.875940647260409877e-01
2.756817199875259972e-01
2.730190996002321846e-01
2.825357447874998762e-01
2.593215224791237672e-01
2.826295010423595100e-01
2.789128680781749470e-01
2.802979748575032959e-01
2.852804053190002853e-01
3.021787513292037430e-01
2.717360173170414450e-01
3.006540538924581396e-01
3.104894053078963156e-01
2.803008364443168032e-01
2.883758854401632377e-01
2.794779581294871140e-01
2.752115318885464679e-01
2.665227975355873302e-01
2.907523317573946220e-01
2.926570319911849793e-01
2.864178008350862781e-01
2.934594219002620297e-01
2.758570718315633830e-01
2.968727825278189014e-01
2.870278207054822728e-01
2.793074565486124428e-01
2.776106604515486964e-01
2.889586341551518278e-01
2.739276233210479750e-01
2.912195117796146371e-01
2.907173555096177475e-01
2.590474419109614068e-01
2.803093544405033111e-01
2.667233450142282303e-01
2.833062565800442134e-01
2.785346770883724288e-01
2.779679377002945984e-01
2.778574298197374337e-01
2.741710493180716801e-01
2.781268438680506994e-01
2.849163751373957609e-01
2.729244884459101628e-01
2.744877297445588171e-01
2.696260284925321993e-01
2.750963429224531076e-01
2.872374716565021524e-01
3.036044974468431468e-01
2.618772092745120794e-01
3.121278397066619137e-01
2.606462891096426593e-01
2.778126335740183639e-01
2.715620981594500938e-01
2.685257420341457535e-01
2.516461385109385884e-01
2.670088250574261801e-01
2.944877048743904657e-01
2.906357140744365575e-01
3.032999998364792060e-01
2.661387669608551443e-01
2.773727077795610230e-01
2.820033274607376406e-01
2.770840788036608160e-01
2.967761693984360405e-01
2.712144075800221321e-01
2.850286253063615272e-01
2.729856238793161305e-01
2.682581358486767487e-01
2.916934942672644859e-01
2.686581974283037133e-01
2.754782742190702294e-01
2.758989887778376948e-01
2.699890411357478426e-01
3.077663249291043845e-01
2.704180075686047902e-01
2.714695418728485521e-01
3.104821016060886341e-01
2.809095944090587160e-01
2.807035575833294327e-01
2.915914550889334711e-01
2.850609707740517917e-01
2.703129205590368289e-01
2.575418134481083920e-01
2.798179099499186750e-01
2.803340378571214098e-01
2.650876406318996015e-01
2.850461061065009960e-01
2.893494405812286341e-01
2.788726753489297883e-01
2.821788864153920717e-01
2.803714466737793343e-01
2.803816092611378097e-01
2.846358929143252281e-01
3.087174118163643066e-01
2.803367316342019744e-01
2.759899622481431503e-01
2.824598365868866701e-01
2.692940924896533583e-01
2.908901132869100570e-01
2.800998146802261002e-01
2.704193726803650888e-01
2.671005109358682850e-01
2.753605536338417648e-01
2.660322508700398436e-01
3.001783169015146968e-01
2.904586824786508092e-01
2.881606990223090081e-01
2.799027217863518935e-01
2.938159308485833177e-01
2.626025029122508458e-01
2.695639908415459196e-01
2.637589575403979092e-01
2.917160683733801552e-01
2.766027617953292772e-01
2.949544165956041741e-01
2.789163816354189862e-01
3.030013161616299522e-01
2.929979248536698222e-01
3.003704942127963795e-01
2.944959212528693304e-01
2.639155867072359163e-01
2.902539911612671553e-01
2.821687431537513446e-01
2.790725329711103986e-01
2.672259705523152284e-01
2.849604396409290974e-01
2.772236239409341385e-01
3.011483919000123022e-01
2.854098489181434717e-01
3.012579018526785335e-01
2.666973557602990152e-01
2.769350608395149682e-01
3.002644081462640946e-01
2.883214735861150957e-01
2.719158959481542404e-01
2.726252666972912020e-01
2.979149292215056422e-01
2.794128252470950979e-01
2.920957885413442701e-01
2.974567055719514741e-01
2.804686008032984401e-01
2.956481389959982331e-01
2.983270325452034299e-01
2.841481536864378654e-01
2.935380258058117309e-01
2.633858484138222322e-01
2.806664035781938904e-01
2.626218551282871738e-01
2.960822058546096480e-01
2.737636968265958481e-01
3.041509304358778754e-01
2.866186473824152148e-01
2.847827990361327943e-01
2.906988872069383723e-01
2.961003394295579905e-01
2.621482949126409112e-01
2.856715381993176206e-01
2.496382440106145739e-01
2.898279088262732950e-01
2.818781264811881515e-01
2.850924214866509265e-01
2.906960389905025588e-01
2.719826273107592285e-01
2.707480545765391655e-01
2.895688429909616946e-01
3.123579838789973251e-01
3.033238551485295531e-01
3.038762275099585186e-01
2.740494530727307643e-01
2.831793908633869483e-01
2.685342630016034349e-01
2.632402089466682749e-01
2.673474336045719157e-01
2.610893550688754283e-01
2.789621913657850949e-01
2.812871993718634167e-01
2.842571428016792412e-01
3.036782816493433512e-01
2.978867637181100148e-01
2.878644233113708539e-01
3.117455082412223799e-01
2.693714113603279392e-01
2.974499914021030422e-01
2.899285176712984025e-01
3.006627584088913951e-01
3.025092945541641987e-01
2.754488650115852755e-01
2.850648656926509372e-01
3.190198548027775582e-01
2.804317608967760167e-01
2.707124235940970847e-01
2.667535656447693748e-01
2.768204192977524736e-01
2.890927136380351259e-01
2.827451359226120231e-01
2.727109775042196871e-01
2.925738858283386534e-01
2.857425002262266589e-01
2.680479472892044468e-01
2.760386004564973073e-01
2.829365591024371462e-01
2.932961480378208918e-01
3.012991554853274856e-01
2.754926008206336485e-01
2.864907143240357223e-01
2.685153067303514551e-01
2.696311437177323356e-01
3.060215353482544920e-01
2.509105027508484742e-01
2.741130837666049813e-01
2.995216118375744196e-01
2.765239507968589860e-01
3.034829390937628935e-01
2.877273194208682106e-01
2.823141646444758956e-01
2.840678413512332523e-01
2.976216731390793346e-01
2.953945233398483916e-01
2.865194088390197180e-01
2.636053627508498365e-01
2.778261142693673191e-01
2.785701836273517529e-01
3.037483254087394724e-01
2.938250186021497123e-01
3.049122227607840019e-01
2.739636483094951558e-01
2.876803630254905486e-01
2.759419861593008783e-01
2.659346363444297090e-01
2.870306053388522183e-01
2.926185981700857863e-01
2.947764985594912845e-01
2.873973891189111063e-01
2.917547631787896223e-01
2.583812960459640484e-01
2.816424460171364497e-01
2.811450790544322009e-01
2.775043257668950436e-01
2.874809572167725813e-01
3.045793015987924290e-01
2.824804474470556381e-01
2.607525314873112565e-01
2.637743522644650507e-01
2.964798397687532505e-01
2.709982201404594337e-01
2.850179095262910800e-01
2.834368483703051389e-01
2.796911503003610688e-01
2.708994743926051996e-01
2.821097054045056396e-01
2.761662263167332654e-01
2.707584656005565527e-01
3.070928804701384962e-01
2.638495300050742731e-01
2.777426578430918225e-01
2.749708804824835262e-01
2.858507822589296810e-01
2.538947289723534340e-01
2.933731268149097904e-01
2.747569163228993361e-01
3.018041632351122772e-01
2.741544372307270772e-01
2.743718321713166652e-01
2.700814243011178117e-01
2.622307082808444934e-01
2.804984422753615259e-01
2.916838384245375448e-01
2.652844168713208717e-01
3.109393464251138384e-01
2.810240802169303720e-01
2.564417208910569346e-01
2.887232342097865723e-01
3.033001747374715618e-01
3.019233867171247643e-01
2.726845033416965824e-01
2.894868938784126433e-01
2.774794883322896921e-01
2.843574072149483989e-01
2.874252342626290035e-01
3.002765123503911004e-01
2.831849511236876893e-01
2.856446827970194891e-01
2.677481372171996443e-01
2.754404194205615775e-01
2.800453160783092921e-01
2.700836473775548030e-01
2.705515901526256428e-01
2.841726683821987898e-01
2.906990048206363753e-01
2.561514018146796023e-01
3.120933697388633132e-01
2.671180189512344927e-01
2.749756417889386850e-01
2.768173355881700104e-01
2.734828355752559892e-01
2.885466109049505956e-01
2.798428484123666182e-01
2.763077701441547518e-01
2.851535828926100580e-01
2.788339678768795293e-01
2.801150531319070991e-01
2.799731992468842967e-01
2.714890698828530402e-01
2.708662369499528211e-01
2.706126325988147396e-01
2.582311638915947838e-01
2.899495818012588488e-01
2.805104806101646475e-01
2.877473183813067936e-01
2.775817268753559830e-01
2.862343879977666816e-01
2.846319682407900675e-01
3.013215044133942810e-01
2.783097561827533317e-01
2.671052302725940297e-01
2.732320811093986168e-01
2.792332793509447741e-01
2.972335906285920037e-01
2.831846504147280674e-01
2.727704233263953393e-01
2.970219053747155669e-01
2.792350302645566495e-01
2.914812556055076942e-01
2.669900993103938580e-01
2.691157022629207529e-01
2.796909521704901147e-01
2.579349679519535310e-01
2.856361860540094777e-01
2.877223802500673555e-01
2.941204521831579655e-01
2.742341686848222548e-01
3.024680873889251109e-01
2.778818561390079545e-01
2.752963205133560076e-01
2.884146253867546639e-01
2.877330062904489560e-01
3.026167221174805855e-01
2.759270010608838031e-01
2.828904406763362855e-01
2.933626031973166626e-01
2.906249768243077125e-01
2.999195646466003562e-01
2.825441698549136516e-01
2.993882831827002211e-01
3.170791498848427592e-01
2.915125788835082887e-01
2.731284361595935906e-01
2.775516505712071758e-01
2.883858390538969196e-01
2.960831071854113095e-01
2.850571708742331567e-01
2.935933035528264234e-01
2.779515062936576131e-01
2.864285861679990441e-01
2.946688534144630833e-01
2.884353528751937845e-01
2.859284690660018891e-01
2.902088775076724358e-01
2.519638679170263518e-01
3.019965751087356765e-01
2.890541371092837930e-01
2.669776632665928906e-01
2.695752367761351520e-01
2.927128545784916658e-01
2.982396990532841796e-01
2.775397564853517296e-01
2.752611922144906353e-01
2.765529586757291547e-01
2.859310391815388930e-01
2.912555051945985296e-01
3.223622626270513658e-01
2.641807237781244044e-01
2.810071346824460359e-01
2.901716496531400180e-01
2.704739060128412698e-01
2.733027108954709794e-01
2.705246973394638266e-01
3.138510312600398811e-01
2.928349069240784863e-01
2.874126964424095765e-01
2.784068264407116855e-01
3.066236165643939637e-01
2.945575395979300737e-01
2.672921964410649998e-01
2.692844614538979497e-01
2.857151810644341094e-01
2.688537993104021528e-01
2.662153063717982993e-01
2.926894522722453540e-01
2.883602363546831637e-01
3.012253899345537222e-01
2.758192596826893883e-01
2.763417309688651069e-01
2.725540875709289712e-01
3.151028901885098432e-01
2.741325106360782415e-01
3.055361031651885328e-01
3.109405229029443829e-01
2.714756472065565918e-01
2.847323787227737379e-01
3.092855610744936756e-01
2.972449053252209650e-01
2.780370000402540009e-01
2.740745523225646130e-01
2.803793679627454294e-01
2.638513228901381291e-01
2.881991317872873992e-01
2.731355750269567895e-01
2.776927456704046393e-01
2.760314207470973003e-01
2.831444765903148308e-01
3.089428094593306695e-01
2.960195811399720656e-01
2.606037977172400710e-01
2.819200419213983011e-01
2.604181598843154921e-01
2.859387437997872317e-01
2.780969989791803321e-01
2.750127102573487470e-01
2.821448272797837942e-01
2.768136889046209914e-01
2.861236219039238748e-01
2.791657954447191448e-01
2.816160288747407980e-01
2.846443128431210279e-01
2.819342006281336799e-01
2.671546059641143334e-01
2.969583610026917397e-01
2.901884117409577746e-01
2.986282305749788368e-01
2.816471572296023185e-01
2.658410089441161084e-01
2.662357027055241021e-01
2.982630062364019508e-01
2.706990904251828089e-01
2.587234319468886268e-01
2.801587736616301116e-01
2.851054638198064484e-01
2.738528676525243677e-01
2.676759750021217021e-01
2.628673752808715625e-01
3.031884198571693223e-01
2.748277975214720170e-01
2.810423835362595435e-01
2.681459516470895976e-01
2.864374771512365747e-01
2.801961095262759383e-01
2.825824777630611129e-01
2.863164298536860497e-01
2.943716481321200229e-01
2.747864810490308063e-01
2.575281742191234957e-01
2.832965288959174432e-01
2.867728158796569726e-01
2.955126901140351925e-01
2.963088415054048186e-01
3.180765088622874437e-01
2.858721540152887597e-01
2.705654375235013731e-01
2.960530991496721498e-01
2.757889230808653336e-01
3.026411118975003700e-01
2.908817411559311283e-01
2.887209296370563116e-01
2.820284342981805858e-01
2.762814320126495415e-01
2.675771869066095876e-01
2.793897238247405324e-01
3.039630560320515373e-01
2.773316801331068282e-01
3.073460284123458730e-01
2.642968769559598252e-01
2.874227567797899008e-01
2.951281072250199200e-01
2.764570022588312415e-01
2.765305744260996290e-01
2.654474508473155803e-01
2.636955099501919197e-01
2.968713817517455444e-01
2.807683374029102952e-01
2.819527088259219383e-01
2.890164331394047825e-01
2.700596704900292133e-01
2.876498540080573152e-01
2.738537542810305370e-01
2.731796162921906190e-01
2.629827121530408651e-01
2.980507160002365263e-01
2.838335104407484488e-01
2.915083219978816809e-01
2.581410548909565117e-01
2.830907768373971400e-01
2.775208774161038172e-01
2.819036409664064102e-01
2.651550334405596288e-01
2.796672081655711128e-01
2.987572840811118513e-01
2.659459524407059017e-01
3.010261183973828580e-01
2.951073254947046420e-01
2.668644511985495127e-01
2.659130355513025235e-01
2.604147131148829009e-01
3.093377786439199806e-01
2.809558459143836062e-01
2.879006257484887366e-01
2.924007254563018021e-01
2.700802055754453201e-01
2.912854539306470869e-01
2.842865273981021734e-01
2.589346946808134264e-01
2.994666519250753778e-01
2.812802932899791664e-01
2.996303898631665907e-01
2.793742513794783555e-01
2.725077563958654414e-01
2.882876043360923513e-01
2.867656482849001431e-01
2.857090775055138865e-01
2.803460277915055809e-01
2.954623888889337247e-01
2.853789934648772730e-01
