1.780300390406711619e-01
1.279703771987030225e-01
1.074145240293194331e-01
1.013228545841585448e-01
1.447172325384264435e-01
9.833850845077744818e-02
1.436703386210959610e-01
1.236201615965268202e-01
1.875522818010599557e-01
1.369621479816716114e-01
1.516448687610948698e-01
1.582485926633105389e-01
1.285155149935257035e-01
1.444002558929853575e-01
1.603393476197483014e-01
9.754281433836262116e-02
1.057561623905955289e-01
1.520473521839207920e-01
1.192416743627916775e-01
1.120315432486727464e-01
1.152462844413242593e-01
1.329843661473617822e-01
1.680171388161903478e-01
1.497827569717549712e-01
1.052425708129099552e-01
1.142761967629390973e-01
1.472543056747312451e-01
1.120520653175845344e-01
1.288731484398892013e-01
1.423818460893828408e-01
1.603746601411030759e-01
1.480586830302803025e-01
9.850969960539066039e-02
1.460996644360230134e-01
1.269228424804675071e-01
1.293925995396918160e-01
1.592843948093335960e-01
1.629323172316278767e-01
1.733777677799598904e-01
1.438294737514672350e-01
1.859625048509996881e-01
1.010639790824758022e-01
1.541197676397010885e-01
1.239224141367650800e-01
1.139700958664142671e-01
1.043058188260372887e-01
1.305297611991523277e-01
1.347666925474816924e-01
1.383452887694714972e-01
1.568883849062276403e-01
1.389596031794189390e-01
1.146736439666292268e-01
1.477331274628955193e-01
1.169393482325117722e-01
1.145174602723994794e-01
1.228273136146902367e-01
1.032736270722121874e-01
1.971230554131841173e-01
1.504402126388559302e-01
1.060293837955817581e-01
1.656401240605142600e-01
1.169837058868752055e-01
1.296653693791908479e-01
1.148607393065485677e-01
1.669495481021648631e-01
1.953183912326641458e-01
1.294846812701008765e-01
1.379012945912946875e-01
1.268305381763077944e-01
1.241150524880452466e-01
1.546065350289838325e-01
1.771270306477588929e-01
1.810191722874794074e-01
1.511160009855593844e-01
1.528201706902002077e-01
1.260525965976424523e-01
1.448686696958352560e-01
1.274688348476014643e-01
1.387230444763863368e-01
1.256112105566521975e-01
9.849155174315862848e-02
1.110491418421172966e-01
1.488412996765720309e-01
1.228351287308611928e-01
9.735921458271026840e-02
9.928055438813662703e-02
9.736963489488714707e-02
1.530002394720569869e-01
1.633811855853318507e-01
1.497130977986039779e-01
1.430351168707412746e-01
1.584001584948406260e-01
1.561213551592625093e-01
1.147409537765401444e-01
9.615542763688715577e-02
1.004963463866042905e-01
1.227626671585398122e-01
1.093889484225139264e-01
1.783657875509135071e-01
1.417762322553777765e-01
1.013833267734322446e-01
1.464385095896061917e-01
1.365027921818935952e-01
1.541532350697444598e-01
1.046903173263638437e-01
1.690437206544689874e-01
1.182666138522565219e-01
1.103667819921918258e-01
1.189596120134744500e-01
1.303524941838185014e-01
1.137597945496402474e-01
1.288685469583409349e-01
1.568183646856635971e-01
1.601364780455592773e-01
1.812148962122683560e-01
1.846018603642762546e-01
1.083877804873573936e-01
1.370098446058812536e-01
1.085169615046099878e-01
1.495996017863717442e-01
1.148238321557833314e-01
1.452273820637149937e-01
1.321552899384317303e-01
1.300166356186233663e-01
1.899782349199526654e-01
9.875889446042893094e-02
1.382198770914080943e-01
2.189518264731364905e-01
1.066469771933305777e-01
1.360431427625876932e-01
1.383957011722900254e-01
1.128472314685179667e-01
1.545603239406166396e-01
1.283952803122449526e-01
1.462546398696679406e-01
1.327187431960587249e-01
1.251162180941597646e-01
1.266763557418196517e-01
1.143481072170842855e-01
1.219901927354936771e-01
1.484122898087127107e-01
1.198644760361460282e-01
1.397842618162858375e-01
1.044288268592215713e-01
1.425292044666759961e-01
1.389480285878854915e-01
1.232284646692901608e-01
1.180283905504789510e-01
1.238788449959631333e-01
1.870064867657144636e-01
9.679950247044551148e-02
1.592719324993567276e-01
1.342911287538634257e-01
1.301605451158384108e-01
1.024246474927576200e-01
1.472611327323399277e-01
1.449131062467761688e-01
8.578918263369203490e-02
1.130669045619776131e-01
1.493599981185724235e-01
1.283165108146175071e-01
1.472426519432174785e-01
1.058320909139744137e-01
1.481871466860776865e-01
1.302380183875800346e-01
1.146081370228857199e-01
1.368976307345603771e-01
1.254999592585625545e-01
1.451556682800114462e-01
1.284696920202005876e-01
1.165984957432434077e-01
1.674331641616665922e-01
1.103369289034273198e-01
1.311223855968907670e-01
1.236159263858835899e-01
1.107710028716566847e-01
1.672002779790752736e-01
1.383223964809195961e-01
1.226906330737144585e-01
1.169742958770956520e-01
1.210727192835825139e-01
1.296620963656987535e-01
1.527169102306251136e-01
1.386693040264624643e-01
1.458667388920319719e-01
1.194383012659928633e-01
1.423380788320021961e-01
1.464006183162825658e-01
1.502094316129194418e-01
8.919859012445729984e-02
1.342741183941666139e-01
1.039525152738590974e-01
1.420105551448047065e-01
1.625429687662757194e-01
1.737405565993579981e-01
1.530029288868231530e-01
1.010859046912526704e-01
1.156651115529185175e-01
1.230888153531414925e-01
1.073631803449522221e-01
1.309950404519121259e-01
1.445058234080039139e-01
1.436737265134150898e-01
1.398365836918945282e-01
1.281911462505300192e-01
1.236015917166696509e-01
1.399472678297450923e-01
9.625951803435828236e-02
1.252174106431117873e-01
1.409715184520226872e-01
1.270900685921016460e-01
8.212704115560924556e-02
1.496807849203273533e-01
1.066177594511148879e-01
1.215014413520637132e-01
8.795515354612951087e-02
1.461612785428047512e-01
1.438399280443227735e-01
1.644464353731173722e-01
1.110803179590586220e-01
1.038250588276355135e-01
1.222910973651673006e-01
1.123219865542311596e-01
1.174988921838618916e-01
1.495060153240895251e-01
1.041015848372542629e-01
1.177292398198182405e-01
1.445944184900649632e-01
1.502815668299475327e-01
1.143459117738367115e-01
1.408387982566977337e-01
9.673487716394021940e-02
1.259053715317646205e-01
1.257114888680539166e-01
1.289524557677275418e-01
1.301815706517771287e-01
1.384098718685131679e-01
1.302050309837405329e-01
1.476375604563401889e-01
1.275521815737136189e-01
1.705263584992828818e-01
1.087015495203116633e-01
1.347354695380222067e-01
1.257493952533424997e-01
9.952709390303848824e-02
1.169999591942940259e-01
8.479442394189209975e-02
1.574538064472261190e-01
1.428437922848940222e-01
1.270464567706535430e-01
6.506111667447164737e-02
1.264160405073471716e-01
1.011966340132364472e-01
1.057812475880451214e-01
1.398387218432943224e-01
1.314460490003426518e-01
1.597820627436671859e-01
1.273120191678356050e-01
1.394360357728314237e-01
1.226165364123543711e-01
1.256387781814027049e-01
1.292708795675610312e-01
1.087093489953097070e-01
1.113959255535798831e-01
1.663062247281882344e-01
1.361231158537194452e-01
1.155055970593760195e-01
1.346155351729907690e-01
1.381484059658737718e-01
1.100817235564476582e-01
9.724793905815284911e-02
9.997581125155943771e-02
1.478254167922551099e-01
1.355514384206296941e-01
9.441750977901050557e-02
1.235683796691333242e-01
1.648441436188121390e-01
1.497236084622371732e-01
1.126787491968238297e-01
1.452969504326567796e-01
1.409700574500221126e-01
1.409100039426745554e-01
1.621889218014562206e-01
1.340927668242799520e-01
1.239288949802058726e-01
1.388302539092223231e-01
1.395854826307119101e-01
8.957080792929236757e-02
1.612979028338000220e-01
1.304113372684517491e-01
1.195519496407385640e-01
1.013941718526073094e-01
1.347129917340299798e-01
1.054708713568237866e-01
1.837269360931698126e-01
1.245155651678573616e-01
1.060969268705297119e-01
1.680048058944921541e-01
1.766748646736079065e-01
1.299785217377364133e-01
1.357020795003359703e-01
1.580778196145649905e-01
1.097701105760542362e-01
8.691028732397645951e-02
1.580629043324697780e-01
1.576277808030967231e-01
2.051936129856207214e-01
1.376022993640617365e-01
1.515199683496359917e-01
1.345968675078085541e-01
1.521189355367126295e-01
1.213007138507516958e-01
1.232336130040132954e-01
1.744232127557167333e-01
1.490531603593336085e-01
1.151516488021740586e-01
1.349600964676011539e-01
1.175863039986628084e-01
1.098572471097086362e-01
1.057655667682958767e-01
1.688816419544421354e-01
1.525112471136124970e-01
1.145065440939177781e-01
1.952451696945393944e-01
1.454799544758140217e-01
1.100182967922536809e-01
1.108474969714975389e-01
1.376799609193896656e-01
1.548108039522820556e-01
1.451660079474803022e-01
1.592737438655864313e-01
1.427207009497535872e-01
1.253924833850710574e-01
1.450519422279929194e-01
1.457092535379226061e-01
1.928848346018391946e-01
1.531987383806825143e-01
1.432847390205327920e-01
1.497393426463732857e-01
1.786384110156787330e-01
1.444169569095967998e-01
1.199640145138102520e-01
1.213552376755217821e-01
1.140202328704184309e-01
1.394111478825963979e-01
1.194118876731918438e-01
1.054632121248555432e-01
1.316135506695465529e-01
1.223856453257506222e-01
1.194682039362284093e-01
8.706999825582557861e-02
1.473609631018351629e-01
1.224163666862110589e-01
1.332620702041741600e-01
1.631801257938690908e-01
1.746836978326191392e-01
1.361368362019828859e-01
1.385147342665516423e-01
1.267700767111701876e-01
1.027981433112592213e-01
1.459755316182363427e-01
1.411701007685806641e-01
1.069478799282549408e-01
1.297964903742948872e-01
9.056764491139204787e-02
1.132353418154807417e-01
1.306248671761566782e-01
1.120395341514783399e-01
1.253251947491241802e-01
1.337937178531047600e-01
1.174419910433762704e-01
1.447024262324256849e-01
1.183837137708487475e-01
1.146790896017675088e-01
1.141900029389932847e-01
1.159492123345080283e-01
1.483664836238641205e-01
1.239051103527414321e-01
1.103169189406326967e-01
1.314889064556230558e-01
1.444995974358083968e-01
1.380475847735456452e-01
1.564951050067421023e-01
1.228327778050401220e-01
1.185014761401419897e-01
1.245907840776170061e-01
1.073130443735001993e-01
1.477617196927343002e-01
1.222891684884519076e-01
1.258280281964657132e-01
1.066944746009561851e-01
1.165209591108437304e-01
1.116832405266481310e-01
1.186780296099532450e-01
1.237184679759491812e-01
1.447631242783117000e-01
1.358338010221282754e-01
1.038218268642110143e-01
1.192379937042956362e-01
1.121843542927835752e-01
1.403193872932226027e-01
1.652773866553603477e-01
1.348984926948060270e-01
1.400038213566633938e-01
1.397477607670853939e-01
1.483402401134760462e-01
1.417309193658309874e-01
1.060341460087004667e-01
1.264614861731599149e-01
1.529750377884898094e-01
1.505082055318741896e-01
1.336685022185709060e-01
1.301331659166608812e-01
1.418259958759551520e-01
1.754439856536632314e-01
1.302591480877741403e-01
2.010596667573501806e-01
1.681156215336923054e-01
1.307167876384225935e-01
1.056851600088750398e-01
1.294131933218408137e-01
1.136818764819853139e-01
8.492335785008413296e-02
1.192891363073805000e-01
1.315559687537138922e-01
1.534278399280343819e-01
1.385274618890319220e-01
1.401481609668713824e-01
1.756281665957504512e-01
1.619280369291269117e-01
1.456154153081759550e-01
1.332309721455351703e-01
1.151730968725249299e-01
1.094605811208051865e-01
1.498410801910362855e-01
7.991745230143827705e-02
1.178986840722491686e-01
1.273887763078001556e-01
1.280706933675699877e-01
1.529583689074039410e-01
1.466147830886436465e-01
1.691052288968057649e-01
1.207491477307393868e-01
1.583417053416479869e-01
1.339722531673130101e-01
1.526835569762607370e-01
1.280152763758447831e-01
9.773439441756300028e-02
1.276283150844645387e-01
1.409164125225262076e-01
1.450847969608217713e-01
9.755226630306627900e-02
9.755407427035404921e-02
1.040234309690719200e-01
1.347617269252859018e-01
1.078218291325602901e-01
1.180641297222414093e-01
1.491661131624407444e-01
1.648501197226792114e-01
1.341607971751259398e-01
1.652650632843165046e-01
1.224050810774684611e-01
1.260915942557201408e-01
6.400038127353686879e-02
1.377914572959383355e-01
1.143487795114742217e-01
1.281661484104111848e-01
1.029870206976424979e-01
1.141289564710962906e-01
9.195643820954794989e-02
1.544088381439665536e-01
1.237782571564974149e-01
1.526849404086991491e-01
1.481986408618776452e-01
1.289484310409258483e-01
1.207610343509735867e-01
1.724762086128433791e-01
1.508393829942756836e-01
1.197199130224431973e-01
1.532922258494923418e-01
1.277410928772761134e-01
1.189933801135098362e-01
1.365702980058766669e-01
1.039693837018551836e-01
1.694165192116200702e-01
1.737841963149442948e-01
1.346323956709457315e-01
1.305360310387596035e-01
1.597051039114968096e-01
1.116508550681360318e-01
1.171880086659596032e-01
9.115703043453959875e-02
1.653210336187678209e-01
1.731188794679318910e-01
1.518113065398313533e-01
1.130189014574920214e-01
1.265126387191611301e-01
1.140750474286294364e-01
1.405699565872753631e-01
1.321932531800946165e-01
9.751940145773448088e-02
1.211471929503674244e-01
1.661755439868545792e-01
1.112372137357288820e-01
1.342010559681941217e-01
1.143267001083277112e-01
1.282854167112304766e-01
1.215961057991967464e-01
1.083921004370334285e-01
1.168147301032550073e-01
9.297641876874158939e-02
1.343257862574256667e-01
1.313709310637591332e-01
1.116363956788571227e-01
1.173330160630174229e-01
1.032112284207289399e-01
1.505362053880065776e-01
1.273700306727726939e-01
1.309727184283261125e-01
1.698021022421036530e-01
8.367065986822823376e-02
9.525568678736892614e-02
8.081010224022486255e-02
1.283311754364776514e-01
1.364936617610589820e-01
1.284876150971447362e-01
1.359125771760502643e-01
1.294081828727314254e-01
1.725928453126849837e-01
1.698249786063337485e-01
1.372606789688889106e-01
1.000052133735971072e-01
1.188459490587187029e-01
1.485756440304659420e-01
1.284845112565612402e-01
1.173274313570942251e-01
1.202636543516551332e-01
8.800012040570040495e-02
1.561877158519360265e-01
1.644304229993781008e-01
1.561084657606540416e-01
1.021974219105527826e-01
1.366549883792863018e-01
1.291041191699018043e-01
1.357626144461346329e-01
1.167538973117344392e-01
1.246444341008737106e-01
1.585048049480938248e-01
1.118859056824400983e-01
1.563308559152705446e-01
1.998062301523001183e-01
1.197351823842762730e-01
1.158775151947427917e-01
1.595867089256080840e-01
1.259241018664397638e-01
1.276621428884656684e-01
1.152278739871826774e-01
1.296094665549050728e-01
1.447750387321120602e-01
1.382110753587744156e-01
1.130312694320794453e-01
1.529603904120477864e-01
1.352189491753028883e-01
1.633133739018000630e-01
9.081333885035827724e-02
1.346407649507718185e-01
1.588522543915947272e-01
7.872317536881401345e-02
1.157203225536423546e-01
9.942596617678989279e-02
1.233581887278197564e-01
1.273393550470644786e-01
1.114929998198327388e-01
1.604931432405617697e-01
1.490533474293422034e-01
1.753738867118771194e-01
1.199336919325136586e-01
1.422473521694905818e-01
1.363206667081619250e-01
1.860552279661403241e-01
1.474680324584398128e-01
1.260958097415665335e-01
1.140263962750541760e-01
1.723715184438737169e-01
1.314701176549803452e-01
1.134129301634709125e-01
1.466269371565109003e-01
1.462725801279115556e-01
1.280028765695630510e-01
1.335136297000709404e-01
1.692792820861463154e-01
1.289351198665361076e-01
1.171968271813704499e-01
1.242257541801831400e-01
1.765323141638327764e-01
1.692144139527232138e-01
1.059660989886488103e-01
1.568359633174201129e-01
1.132117863526364843e-01
1.127573464886071630e-01
1.199713319119415783e-01
1.448470263379728062e-01
1.076165293589371325e-01
1.097990430156513542e-01
1.189596141859309009e-01
8.460066063434601435e-02
1.261261777775675441e-01
1.219832981826380891e-01
1.101414294284023959e-01
1.165282447410377620e-01
7.583074763864516843e-02
1.022289330906806237e-01
9.626449382527921261e-02
1.337198517642732010e-01
1.646228254393522217e-01
1.226490328911019195e-01
1.237267127340547779e-01
1.557866934607689824e-01
1.449006054954357636e-01
1.267033023160283878e-01
1.455872573250784341e-01
1.554378104896528001e-01
1.415629303927762872e-01
1.378571887778202720e-01
1.420762849862008681e-01
1.658748343177211537e-01
1.237321770054959219e-01
1.267018505047681765e-01
8.652452130913364237e-02
1.489345132413527895e-01
1.451549946668795055e-01
1.465506996673851814e-01
1.253033370191501683e-01
1.309736638601305403e-01
1.568400583007023008e-01
1.884144026829059348e-01
1.262613559442632982e-01
1.238857920019738462e-01
1.348444658244174199e-01
9.262215600923125181e-02
1.563064539451308466e-01
1.310123298483760745e-01
1.612564886314151180e-01
1.821682153800984194e-01
1.408345427673703409e-01
1.039318712568124276e-01
1.300162243989064215e-01
1.275738939192540555e-01
1.034100776913748909e-01
1.171580348591777093e-01
1.236679918585156940e-01
1.389980490936231217e-01
1.366605141279424174e-01
1.664661458281923578e-01
1.280296600505959337e-01
1.267558598836478201e-01
1.370969111640990834e-01
1.350965667132936754e-01
9.733013046060398632e-02
1.408238652605648955e-01
1.311911431132296302e-01
1.697442721306550162e-01
1.631568028841515472e-01
1.400772412039693882e-01
1.152929292865719491e-01
1.316753585262574466e-01
1.360671871561241753e-01
1.006598467431267518e-01
1.196966358751933024e-01
1.299927099012034015e-01
1.433277776015505767e-01
1.407481534681289115e-01
1.423571920220203235e-01
1.100144898689704720e-01
1.047972116539700876e-01
1.238914985689851395e-01
1.342634742956655691e-01
1.762303467504698351e-01
1.408730434020471212e-01
1.541515134857685543e-01
1.347679378887506885e-01
1.414959665902571218e-01
1.417490177307013099e-01
1.136912341075785593e-01
1.505926137996166925e-01
9.081918304132870212e-02
1.440139923764831020e-01
1.049237568736890447e-01
1.218267521603329795e-01
1.316853041403818758e-01
1.146665205971282575e-01
1.520522046088635393e-01
1.443720683766021584e-01
1.549780050831843781e-01
1.502920291815530995e-01
1.444794307893894625e-01
8.812524761461756895e-02
1.305968283670947139e-01
1.233084601282454090e-01
1.330881821171535362e-01
9.499091678001163330e-02
1.373132742239816517e-01
1.141790974933569319e-01
1.192046148637435909e-01
1.763347415263526174e-01
1.444959190330646348e-01
1.096647304707771553e-01
1.477882181340831602e-01
1.042046140661618131e-01
1.853642290812011484e-01
1.445059113961701114e-01
8.099855904947619867e-02
2.123363256050661008e-01
1.019365679526032381e-01
1.484119445360540523e-01
1.140758859019077864e-01
1.272149004578752574e-01
1.564811177289456290e-01
1.403903547721011280e-01
1.756548567266389971e-01
1.351457364735939859e-01
1.065990648639445898e-01
1.534629807899226539e-01
1.431586322698366887e-01
1.158538405110708797e-01
1.143264323584168018e-01
1.165331339097239738e-01
1.537906925570750316e-01
1.274983503659367634e-01
1.524983621308118320e-01
1.558905503195125719e-01
1.623899741953011011e-01
1.138540619512568020e-01
1.229274118346891792e-01
1.301481597066352358e-01
9.470085309994542844e-02
1.521701678245047096e-01
1.050322414458699505e-01
1.378965885502166366e-01
1.333927184927557741e-01
1.244955891166023704e-01
1.277939891624362001e-01
1.685074906864804933e-01
1.386943801145170130e-01
1.314424528915814905e-01
1.185007576401810037e-01
1.273294906937759985e-01
1.315542780343775253e-01
1.470750303930142000e-01
1.688046650987701791e-01
1.216732746591347725e-01
9.018087290517948218e-02
1.038234223097652953e-01
2.033441843046853159e-01
8.683804010361184655e-02
1.535345031942184080e-01
1.612800254681079071e-01
1.468847244824620091e-01
1.339361912172912505e-01
1.295614840464481277e-01
1.673074420458044997e-01
1.006755110501982298e-01
1.374425765113548581e-01
1.426872112507665546e-01
1.589647201030029156e-01
1.110302449343757158e-01
1.366615758309909778e-01
1.204785615570539009e-01
1.527455131953682210e-01
1.612975222355611526e-01
1.262904649344875896e-01
1.321828740538747160e-01
1.424937798174124304e-01
1.300349433799929677e-01
1.248408846456045412e-01
1.047232822125005597e-01
1.507937380184792564e-01
1.333639808646398528e-01
1.719314967525996107e-01
1.408503250532628370e-01
1.233454798097607802e-01
1.269373351834925667e-01
1.498959197785776909e-01
1.024864716326295139e-01
1.369975072354130963e-01
1.247385937416751744e-01
1.149331254659335250e-01
1.468972054834561947e-01
1.189901550971161903e-01
9.323689935490434011e-02
1.781148108411271247e-01
1.343344142484439174e-01
1.617812052969929137e-01
1.290876881983878954e-01
1.178379727363759039e-01
1.033157694204954041e-01
1.411925217693278944e-01
1.215696135010939927e-01
1.212498286119159802e-01
1.513193229343721968e-01
1.492900901004898251e-01
9.826454612967976121e-02
1.493589528289858137e-01
1.344829818097495189e-01
1.166298919489721364e-01
1.351904645886751466e-01
1.511041605050513770e-01
1.122234803650856011e-01
1.014645069613725886e-01
1.373788107692814620e-01
1.665234761120056028e-01
1.615722487766167448e-01
1.464728952858761479e-01
1.289550767013555865e-01
1.190364513005163910e-01
1.318317561844961627e-01
9.524034229700695242e-02
1.358200738723341627e-01
1.386101190130567540e-01
1.251422531886539069e-01
9.377900831250710056e-02
1.001757282648081671e-01
1.089900061961746325e-01
1.771753437260741859e-01
1.081499232759890461e-01
1.030425558350174936e-01
1.434026935300505845e-01
1.135267023857701868e-01
1.116662972538103177e-01
1.009596902564918325e-01
1.850750070951724668e-01
1.287905964478364418e-01
1.159978732648444949e-01
1.606222076547958733e-01
1.605466408527779498e-01
1.511589500552193155e-01
1.038996600633411704e-01
1.309182374292945927e-01
9.999839692425849247e-02
1.425674026892314594e-01
1.219477072842922449e-01
1.315621184104729946e-01
1.540748604035946656e-01
1.055556988517086792e-01
1.196424404407149950e-01
1.194877793822863438e-01
1.189834534804711658e-01
1.421986931337931026e-01
1.685678107691231387e-01
1.519822140083732231e-01
1.320374556511502984e-01
1.150874932748228163e-01
1.278907502989077294e-01
1.575021196033664084e-01
1.192113030164346776e-01
1.300848593335775516e-01
1.238995619391873027e-01
1.406389429164374982e-01
1.234928484151894545e-01
1.438916223672636607e-01
1.565396781967773876e-01
1.515422459492729856e-01
1.500997828639648868e-01
1.359497566871960827e-01
1.309374221304425989e-01
1.478508701754958354e-01
1.451382510318237895e-01
1.118996117776516891e-01
1.388537275093785217e-01
1.259297300951821297e-01
1.132953937564308289e-01
1.342493349831392624e-01
1.595484200836464472e-01
1.156633971655973980e-01
1.436083638497795412e-01
1.434166579526754692e-01
1.227384607573362568e-01
1.486662699654797692e-01
1.295562862115653968e-01
1.252692491381274531e-01
1.254406242299552221e-01
1.358132132438253370e-01
1.289322451302673256e-01
1.427436506429307361e-01
2.009789503045723846e-01
1.180814513553696959e-01
1.409045840322636356e-01
1.297253782507278852e-01
1.303070341721921932e-01
1.272367073542288174e-01
9.537348761621011750e-02
1.049195045099438478e-01
1.212777111043070732e-01
1.325439747915348743e-01
1.370289328675461382e-01
1.197696858227589034e-01
1.833724981683346467e-01
1.060059480706968815e-01
1.075665395765994792e-01
8.144399463557108754e-02
1.435463396655476676e-01
1.480947635920964456e-01
1.724775202256086937e-01
1.166617161133135794e-01
1.430055990303466251e-01
7.087686896953379612e-02
1.307475117944168208e-01
1.209780966218169385e-01
1.492140172580896096e-01
1.024895116729956229e-01
1.226825696819618533e-01
1.191510595567880221e-01
1.572063693355045255e-01
1.362337127600963815e-01
1.441677281472399375e-01
1.523576838472619210e-01
1.773399961582046158e-01
1.093360483000613559e-01
1.548688518798950198e-01
1.433237544094389804e-01
8.338969041318533559e-02
1.195236950648620455e-01
1.720344268807335875e-01
1.314223807607322603e-01
1.126909154346532327e-01
7.066163051314704180e-02
1.402582018131610098e-01
1.948720917057117918e-01
9.511483384387878215e-02
1.140182177494312582e-01
1.024142615998864664e-01
1.161744809812606249e-01
1.260834143496682436e-01
1.582282348002247152e-01
1.265934112011261048e-01
1.465005368859954027e-01
1.413198153852597561e-01
1.084269711608157188e-01
1.261157080307126199e-01
1.653787893733247583e-01
1.382755526303677263e-01
1.186478145113777360e-01
1.286749682390686267e-01
1.616686740690223278e-01
1.252618312595626393e-01
1.649302828155952971e-01
1.845587519482749794e-01
1.134438649565576024e-01
1.190041879192576812e-01
1.328581894748128711e-01
1.347104626334579280e-01
1.048933468794511770e-01
1.277605957800927450e-01
1.736383548501133911e-01
1.077146524110246667e-01
1.365130533573419847e-01
1.409143836173519237e-01
1.262993326630100777e-01
1.449008414750510565e-01
1.232683811193648893e-01
1.817997385734849980e-01
1.359031197406331826e-01
1.662647487528928769e-01
1.480784754970506101e-01
1.359375658261415543e-01
1.480849135094372826e-01
1.630325917877085418e-01
1.668865809210212103e-01
1.464698806220877114e-01
1.414519194497234067e-01
1.017780179756988257e-01
1.069699907122949184e-01
1.193868294733256147e-01
1.339662713513785075e-01
1.287854544075929530e-01
1.204185686543221695e-01
1.324249192111275897e-01
1.027500319327331602e-01
9.395867251588474467e-02
9.936120091400768572e-02
1.227661466859393258e-01
1.418269985079150530e-01
1.515297477632090439e-01
1.285340475920712655e-01
1.065149468881665118e-01
1.179507455787319331e-01
1.887265227322784122e-01
1.014893204479104527e-01
1.512169512479551725e-01
1.088437338294885315e-01
1.313516542611951055e-01
1.208924290688709879e-01
1.131176556563509017e-01
1.308494571503576454e-01
8.598254663503077100e-02
1.214063925679996769e-01
1.334666984507998921e-01
1.334689648451229116e-01
1.475557683402737297e-01
1.396952423752387817e-01
