1.278621683455642422e-01
1.276601291974422125e-01
1.366616938606594889e-01
1.214689581395787810e-01
1.684689724836388458e-01
1.535645594490205879e-01
1.499794416483304915e-01
1.467189887189515873e-01
1.496476935412550113e-01
1.848988151327637941e-01
1.391742914207406978e-01
1.087142489688227992e-01
1.009042707486459828e-01
1.041907078231167627e-01
2.079994658709076738e-01
1.231323446268614702e-01
1.495908951851203095e-01
1.940393705411208036e-01
1.077937877080119289e-01
9.991293098584452803e-02
1.444431578980258091e-01
1.091742468938851490e-01
1.658049438324172842e-01
1.278320148993312144e-01
1.248988558058774512e-01
1.442434130211959487e-01
1.895222277501156793e-01
1.272811785921076633e-01
1.133826026071903942e-01
1.265312558728438896e-01
1.314850096819310254e-01
1.673213863754060560e-01
1.387052377416252147e-01
1.585885750930587923e-01
1.276772685599047996e-01
1.472914443101470128e-01
1.233561996557865081e-01
1.297835399678349266e-01
1.695531121776359118e-01
1.544500168547936203e-01
1.946838587847091184e-01
1.523789048770143040e-01
1.731330041116367069e-01
1.473653182756143321e-01
1.130829066864233318e-01
1.945065616560649191e-01
1.761246237461980002e-01
1.578649249736062132e-01
1.094257717515878109e-01
1.376985952677847458e-01
1.570140373787623223e-01
1.305636643460817981e-01
1.084721421846999989e-01
1.403297062775274717e-01
1.226646920843022653e-01
1.714036750207037496e-01
1.475218656458507083e-01
1.658770573948102067e-01
1.359099152377998554e-01
1.536125179484172099e-01
1.367000233484418348e-01
1.968763000348260905e-01
1.532374287045626671e-01
1.309727831266008224e-01
1.640312394855137912e-01
1.578415463662456164e-01
1.384056710399873824e-01
1.975313145202867160e-01
1.681659484924072356e-01
1.574265342481301622e-01
1.467944588271624107e-01
1.547055204751124069e-01
1.359799752325681343e-01
1.675846821683328325e-01
1.606635052607379710e-01
1.862337623571443390e-01
1.377066553147721917e-01
1.521763128735789117e-01
1.092192502791207581e-01
1.359075470928257368e-01
1.479883900467079960e-01
1.413234285995310091e-01
1.379163767841541932e-01
1.152312569747407228e-01
1.188525421920343106e-01
1.452813625410730725e-01
1.446724876409062888e-01
1.961846068974244517e-01
1.852296068747162905e-01
1.473628579676695416e-01
1.801413206633031561e-01
1.281013108818022661e-01
1.415128389284877608e-01
1.483032718706790154e-01
2.087111526833120845e-01
1.251396340334594570e-01
1.229524680808908449e-01
1.263000626314642327e-01
1.292492766636660906e-01
1.703233996468201394e-01
1.255731718661547147e-01
1.430957791777386912e-01
1.442421966728269500e-01
1.473981162895657282e-01
1.801291665557607780e-01
1.258448964716095686e-01
1.507264583777507272e-01
1.745744718836585718e-01
1.688341098863320178e-01
1.528832602897875759e-01
1.648713072679463543e-01
1.704393869190398703e-01
1.518100409742969559e-01
1.188227935378967370e-01
1.341757749059960259e-01
1.341773631750910190e-01
1.707122301566086908e-01
1.183295856554567316e-01
1.377390181279059544e-01
1.441384284422296547e-01
1.316367322948788221e-01
1.040213962070651449e-01
1.235447044474646539e-01
1.674635541190160892e-01
1.285980314945354142e-01
1.643550403387282477e-01
1.027952022409404365e-01
1.120391258978714333e-01
1.551569974251494066e-01
1.411252566254775631e-01
1.791181875928637424e-01
1.396425562953018673e-01
1.437485007956104677e-01
1.678938830329675391e-01
1.291603162249042591e-01
1.510449142043839288e-01
1.163818130064160350e-01
1.300250148064396039e-01
1.294051209798955659e-01
1.667266022227328059e-01
1.105903744041926429e-01
1.637093041385469794e-01
1.506782544295281190e-01
1.871644980873795883e-01
1.228495287861185864e-01
1.806162794525031645e-01
1.311903839691828944e-01
1.446533478716812982e-01
8.704872630293787605e-02
1.511800960222345336e-01
1.308873270223365470e-01
1.230772345002016516e-01
7.456992399786550874e-02
9.673930539277250662e-02
1.083203010220248758e-01
1.183532970485814406e-01
1.208482729024225044e-01
1.305429018653438966e-01
1.365276330928078818e-01
1.370178708056774552e-01
1.235736937920713235e-01
1.263505923516267393e-01
1.290293143653546415e-01
1.180164020095084976e-01
9.115792195874410087e-02
1.737423188753654257e-01
1.336064101800363835e-01
1.489958856202381055e-01
1.653301095690772882e-01
1.892772125114516590e-01
1.097446319740486287e-01
1.517097096356003483e-01
1.701895840155667472e-01
1.076038782848194320e-01
1.632271171949392918e-01
1.399724768514848117e-01
1.602041161840054295e-01
1.660738926768673962e-01
1.209130062437229480e-01
1.421384544271478978e-01
1.092618923202116621e-01
1.455332468781111166e-01
1.156860529097752527e-01
1.761627712968753257e-01
1.553194881545927886e-01
1.157642546299134656e-01
1.590016591231150911e-01
1.729011126956851996e-01
1.469758658772444826e-01
1.619124966492814788e-01
1.676840603854974632e-01
1.372962136253622900e-01
1.145891030377634151e-01
1.437089511944586173e-01
1.346011570533618973e-01
1.250612665421385328e-01
1.301520484818677326e-01
1.446920578678529135e-01
1.489596456429706228e-01
2.022984585567402238e-01
1.180278032600154126e-01
1.165706165355068491e-01
1.717333755304255305e-01
1.241115458722018561e-01
1.202392938525770338e-01
9.142929335966676341e-02
1.675711852954968328e-01
1.517481440301497730e-01
1.795097807533058698e-01
1.436719961579515925e-01
1.292304963362872205e-01
1.324878252651815469e-01
1.298010927595207031e-01
8.008916812119726281e-02
1.155297965047757947e-01
1.303909188254271379e-01
1.006731392217447701e-01
1.378685442908904324e-01
1.451266590758106267e-01
1.804993786963908220e-01
1.338455021300528069e-01
1.807418136526987573e-01
1.614904589311581817e-01
1.114254818723580398e-01
1.662463987028091061e-01
1.286778568227475994e-01
1.156661987401630814e-01
1.332199623059467652e-01
1.242925063023839066e-01
1.445400137954414022e-01
1.218066977954894714e-01
1.408171028564903504e-01
1.600612663581434669e-01
1.823157435399217208e-01
1.098480325365716465e-01
1.021491083014526985e-01
1.547249250561407163e-01
9.599452507131148171e-02
1.339247439141531548e-01
1.222152794718197183e-01
1.201320605132190772e-01
1.338467472611184761e-01
1.214358152912626415e-01
1.352889236534115525e-01
1.365738569754712806e-01
1.305586889883237345e-01
1.054749870900963254e-01
1.766134989063114502e-01
1.331478014608615812e-01
1.085390683598081718e-01
1.417556855019014572e-01
1.562969001153386162e-01
1.177503032842497632e-01
1.264621447954309696e-01
1.610390424118527675e-01
1.619970618801498674e-01
1.293811353909119777e-01
1.643453559117131757e-01
1.839774446989545231e-01
1.719381137167172446e-01
1.345661739430848436e-01
9.579934076952682787e-02
1.160950283805198546e-01
2.012254842560490253e-01
1.400716301932110885e-01
1.166611632249138220e-01
1.481112250702821265e-01
1.410738324222977902e-01
1.615696127327895526e-01
1.441494647832858300e-01
1.576222232555644920e-01
1.533636900922749624e-01
1.407989106835384197e-01
1.358254832984789329e-01
1.531121598724003163e-01
1.692602546134338581e-01
1.397014609271501340e-01
1.545596706739198745e-01
1.338783981662307887e-01
1.175814863630838120e-01
1.048920112249523973e-01
1.368359653866764170e-01
1.249642857016328018e-01
1.073577300773345955e-01
1.229435469830082728e-01
1.410753634258598566e-01
1.293496786296901846e-01
1.154789858630953098e-01
1.446599699036320019e-01
1.104625021399044532e-01
1.470884046949739177e-01
1.271662422630373546e-01
1.532686698014128213e-01
1.344737842847879561e-01
1.334682774152907425e-01
1.360978266324902042e-01
1.491647476529352478e-01
1.531332435553707794e-01
1.008694410106402151e-01
1.162774497732158158e-01
1.443308757625496042e-01
1.588412458720094012e-01
1.388242034133729264e-01
1.430045877469696414e-01
1.193482559776918028e-01
1.511410714686935164e-01
1.741103380574521575e-01
1.048002259753315346e-01
1.864854644373661885e-01
1.069761508388190341e-01
1.625106322782356727e-01
1.317106863875746880e-01
1.476771067811575300e-01
1.449969694728137637e-01
1.610415050358814937e-01
1.920510924757584115e-01
1.084358773918297214e-01
1.077770478612971317e-01
1.101245031088208259e-01
1.438809721071962200e-01
1.626854236721410885e-01
1.592797079074802225e-01
1.386969335910604451e-01
1.426696936981602659e-01
1.577175551525634711e-01
1.881582624679259408e-01
1.257001279426356588e-01
1.200500739322041543e-01
1.616571442283820659e-01
1.229305326048807101e-01
1.089632175408536269e-01
1.280275264090654508e-01
1.485826953968125697e-01
1.247214947096825649e-01
1.212600534210958869e-01
1.487765884889861445e-01
1.407086137365171352e-01
1.431275857801438400e-01
1.685816849485363145e-01
1.342481384388862220e-01
1.610454649649679104e-01
1.467895830009719182e-01
1.545134307314906252e-01
1.488292479330138307e-01
1.484200608581006386e-01
1.441594244877723585e-01
1.363938798072025782e-01
1.496174773716332507e-01
1.494425985401687806e-01
1.621687286913328641e-01
1.838941873365359525e-01
1.441094515881970739e-01
1.513519344570675718e-01
1.254915166906422908e-01
1.521702851303667059e-01
1.662089355706428129e-01
1.498703177943990494e-01
1.477381224727671305e-01
1.616014648745286997e-01
1.585729115405109801e-01
1.320891574805577173e-01
1.408659629485428111e-01
1.437703197229868446e-01
1.352830509114392732e-01
1.636009586123907122e-01
1.384254011469215340e-01
1.423768081457339463e-01
1.439768145210250649e-01
1.516804819277948191e-01
1.803461741836223653e-01
1.062776115932997367e-01
1.183783775309601438e-01
1.520039497254893346e-01
1.652637140365945945e-01
1.264900316216441001e-01
1.492143588817568811e-01
1.842030269554318367e-01
1.587076999812863654e-01
1.351990814621514547e-01
1.490097629869654716e-01
1.633375221029698121e-01
1.324523765499841244e-01
1.205685670970743500e-01
1.558639275693072535e-01
1.171399391954599245e-01
1.226879335171588564e-01
1.789103146188100735e-01
1.351331592431010142e-01
9.048824669966307188e-02
8.990030010067825983e-02
1.478379303258940680e-01
1.283505460550876109e-01
1.052603947977815702e-01
1.245357371472911173e-01
1.800768181549304570e-01
1.628301863281967354e-01
1.362215708708807704e-01
1.054260555678025180e-01
1.383367754232916469e-01
1.292195378197270039e-01
1.312519368557861221e-01
8.972342028261012792e-02
1.381459394258772733e-01
1.593248974115664962e-01
1.652873019119709685e-01
1.374433375891964959e-01
1.422085676620072903e-01
1.755898630316831688e-01
1.195685914165190156e-01
1.582302263452181057e-01
1.132983840064596126e-01
1.822306393520657097e-01
1.364711807183807690e-01
1.374715411412884836e-01
1.245446858592634820e-01
2.088383659441157558e-01
1.329594526655914488e-01
1.249923205707423879e-01
1.595198837364689148e-01
1.181601301321273806e-01
1.424368466169641523e-01
1.294846829471122118e-01
1.465178131170969678e-01
1.083596767968636743e-01
1.127237531031164697e-01
1.270719550434355194e-01
1.248043368357597271e-01
1.303187987726849295e-01
1.675914107304332379e-01
1.204234491674446017e-01
1.056209804407490516e-01
1.310261347098846951e-01
1.580926269112815086e-01
1.399006602338292993e-01
1.538800053127557521e-01
1.232174846070406005e-01
1.397464010328085815e-01
1.136384577096797577e-01
1.434504294578919370e-01
1.190991390942505584e-01
1.771463977527241440e-01
1.681814445194146912e-01
1.257693410780792720e-01
1.026196615211683455e-01
1.318047153789506098e-01
1.535086497716484089e-01
1.677541672658869609e-01
1.301362290164710389e-01
1.178146780175588770e-01
1.363878533211212163e-01
1.279658995161852553e-01
1.351268366455405934e-01
1.430071860205451018e-01
1.638692929535949250e-01
1.838938473501399440e-01
2.020762299106254878e-01
1.133782385597979780e-01
1.672132587638509860e-01
1.151492100865867396e-01
1.731627694858611510e-01
1.370268253431587424e-01
9.809190577314966242e-02
1.455131726293883987e-01
1.442037660022129630e-01
1.024251676263923105e-01
1.941887330312193072e-01
2.079943016616464802e-01
1.529943723268929190e-01
1.506666296506777858e-01
1.225300394670588017e-01
1.502732010720204403e-01
1.567139790467067528e-01
9.552470712297753130e-02
1.187758641368701629e-01
1.642313678871783755e-01
1.473420214274258899e-01
1.448849263307085133e-01
1.375331375341610207e-01
8.035044775636039638e-02
1.659774060627837999e-01
1.141119122400551522e-01
1.614528229089527422e-01
1.123125062196025370e-01
1.768911169731902933e-01
1.301581746364338099e-01
1.576606928336558855e-01
1.090683567515689234e-01
1.001186617458894590e-01
1.298899659510858173e-01
1.531101956942251818e-01
1.262716301818090081e-01
1.401011493211308245e-01
1.547645861234328568e-01
1.626110340410020227e-01
1.615433671504630520e-01
1.580348850045300568e-01
1.473569566655630880e-01
1.554193461000891729e-01
1.642866047232706683e-01
1.643121337266709170e-01
1.480813936274567866e-01
1.034749380944547659e-01
1.418903637481214175e-01
1.751516018149434917e-01
1.324279878683301548e-01
1.431756782769532665e-01
1.615660753847046049e-01
1.484774742869761910e-01
1.554424547896222086e-01
1.542831474613317599e-01
1.794939334635654304e-01
1.434359250381222473e-01
1.568363346453541252e-01
1.323523491702662536e-01
1.734908743557586619e-01
1.642204938037529482e-01
1.517467272871492190e-01
1.332806159232354237e-01
1.348010995261399447e-01
1.554489661065258654e-01
1.184872123475306377e-01
1.225313095147901182e-01
1.405229163325520392e-01
1.494234574875982768e-01
1.106248656290631932e-01
1.268373110691955463e-01
1.479015887010196040e-01
1.301971069007994419e-01
1.135046804908235590e-01
1.254685749133070960e-01
1.507045115854940831e-01
1.353001180397490066e-01
1.372120833095630821e-01
1.395096325794550896e-01
1.172800787517402077e-01
1.447731911792076720e-01
1.387516697073497007e-01
1.419861493841793054e-01
1.407648726584961874e-01
1.311607923827441957e-01
9.363300622632282633e-02
1.330359927167567013e-01
1.362634055116651033e-01
1.543947924521447135e-01
1.503266570570146177e-01
1.295086023303783918e-01
1.208837887398365868e-01
1.383131664227155722e-01
1.501328804888721336e-01
1.257747969641833663e-01
1.448789752860172586e-01
1.137153516768570627e-01
1.334560795411301737e-01
1.606872406616126070e-01
1.204729991112886422e-01
1.156435134354383554e-01
1.341615413750250618e-01
1.379355037093802083e-01
1.438751846073095808e-01
1.508402701878836516e-01
1.430451492228988486e-01
1.526355720136897687e-01
8.756306074823660968e-02
1.403761830885890682e-01
1.376315928830565138e-01
1.316376624654013172e-01
1.458677879401391875e-01
1.149690716919036654e-01
1.519310095962993767e-01
1.378396664116130765e-01
1.289428904824942990e-01
1.309061117931416274e-01
1.163117311228188955e-01
1.077315248101242268e-01
1.645284896908642824e-01
1.195482692062586477e-01
1.802687257946261890e-01
1.149006835939074544e-01
1.502679407305645420e-01
1.321670991269539575e-01
1.855028811094629471e-01
1.667428472063184342e-01
1.598428725327606936e-01
1.090478508674281449e-01
1.065789608196015675e-01
9.566685212557915485e-02
1.435520522541724742e-01
1.534183790215867815e-01
1.243674738738487634e-01
1.131074189513473494e-01
1.457931412060636533e-01
1.367497226346268413e-01
1.370847987354752162e-01
1.275800783189789123e-01
1.333831976382386098e-01
1.082688749470176875e-01
1.659583948022379518e-01
1.402755694365492301e-01
1.908801564203616297e-01
1.486048809305108021e-01
1.655572238633375715e-01
1.187369602186789941e-01
1.461929069858036445e-01
1.094139054637625480e-01
1.298946526833060500e-01
1.446520206444621703e-01
1.802770136997373096e-01
1.159547176767291993e-01
1.234882761168430987e-01
1.498814581390039147e-01
1.587851935027098371e-01
1.440190257506772653e-01
1.215336655371933167e-01
1.368304162046485584e-01
1.539119488757545728e-01
1.431221838055719009e-01
1.539586997302866966e-01
1.046275155797412870e-01
1.300895754189069220e-01
1.602748487199205651e-01
1.744596327827107607e-01
1.634987824571358661e-01
1.956607347951629383e-01
1.287033891947930442e-01
1.294901900436457309e-01
1.530291206746290933e-01
1.477694137202305025e-01
1.654423899796140796e-01
1.448402671106071016e-01
1.669900976561520256e-01
1.973085898000301319e-01
1.269144871888425452e-01
1.432672678388131893e-01
1.519294716615026963e-01
1.327574029655226029e-01
1.391939376057641231e-01
1.567421764593512346e-01
1.157605234167227437e-01
1.290470161790464865e-01
9.632630139824505111e-02
1.399517995529932779e-01
1.578901879399968733e-01
1.602198486924915899e-01
1.647173856072750298e-01
1.564984283753012573e-01
1.460811570421925165e-01
1.228402449289588694e-01
1.090877608816751138e-01
1.610756736783080512e-01
1.247966636464354906e-01
1.513428345588420376e-01
1.315775418620714343e-01
1.526100892924251440e-01
1.667445958353725444e-01
1.684285875996215376e-01
1.846648050160588084e-01
1.613178336077445429e-01
1.155513354269214893e-01
1.594212373549344919e-01
1.056562828365130990e-01
1.913431687836717188e-01
1.305806106940250733e-01
1.358852899276979109e-01
1.221151172041246707e-01
1.375763202377811578e-01
1.454298072937907638e-01
1.530906124006709557e-01
1.753230365607872099e-01
1.521100229696363826e-01
1.566388772567247623e-01
1.061493608954783979e-01
1.467124991453633009e-01
1.842263879090008938e-01
1.459398292125455854e-01
1.060516652364259793e-01
1.688292725793045790e-01
1.422344789856085367e-01
1.168577298958952959e-01
1.155326588468307547e-01
1.426396491939387334e-01
1.357196325429359252e-01
1.359360500069505817e-01
1.108206841232264594e-01
1.128906620131655825e-01
1.579784091695091430e-01
1.302657233544615434e-01
1.291849852118049646e-01
1.475669762471604751e-01
1.344012620791846246e-01
1.429489487967865180e-01
1.465606281348595663e-01
1.244686076622765480e-01
1.341293107374008087e-01
1.533840123990582172e-01
1.369517273291910586e-01
1.307712690139195277e-01
1.426778974172599745e-01
1.372304180479305136e-01
1.388286837660939743e-01
9.083524552822634657e-02
1.736008037209180732e-01
1.687330823611041808e-01
1.016589503812305867e-01
9.682099801265638128e-02
1.009497959221187929e-01
1.906480058122473342e-01
1.564964167720896970e-01
1.406496468913335518e-01
1.546308539930131565e-01
1.426974490319262157e-01
1.224949389701682767e-01
9.297551634901968232e-02
9.400907898599955570e-02
1.652066796811320348e-01
1.708267769011980186e-01
1.370092071218059482e-01
1.438892317033526880e-01
1.579536847227182017e-01
1.806667953184485642e-01
1.101140757102400808e-01
1.237478711225453026e-01
1.253397116188416649e-01
8.329716619859210691e-02
1.243609439055090304e-01
1.409266550930957096e-01
1.159254566626177346e-01
1.302988005388153459e-01
1.536220131184488080e-01
1.185073044100661416e-01
1.254390812170980696e-01
1.275975988840689912e-01
1.484134568276889443e-01
1.308910610073533431e-01
1.714396820994502080e-01
1.257935513825265139e-01
9.619276541770574451e-02
1.455247811659350909e-01
1.516621598097938617e-01
1.490844854279277654e-01
1.455805888952569627e-01
1.422165446044753867e-01
1.747105275919682565e-01
1.052896821841885211e-01
1.311297942187343579e-01
1.732708711111244360e-01
9.453229794223523552e-02
1.446767669307244542e-01
1.600092050536736921e-01
1.662366049368415588e-01
1.442555821811865868e-01
9.817370917613103820e-02
1.581648954391307316e-01
1.453392415524274728e-01
1.927454160788489579e-01
1.925407674916383427e-01
1.347293618912552005e-01
1.267379299291884753e-01
1.479782532115689053e-01
1.795130052518739416e-01
1.554814615126230426e-01
1.397554946530121522e-01
1.419857961606967589e-01
1.169787866063890514e-01
1.249954587421888003e-01
1.670672522964577189e-01
1.739185751239053501e-01
1.354828777686980235e-01
1.559280948770534747e-01
2.178098681751816090e-01
1.429952634088544061e-01
1.170627436581426623e-01
1.349016600902731566e-01
1.811531222589780332e-01
1.074121956335673672e-01
1.581786474255971464e-01
1.749838268249785667e-01
1.458840022999918218e-01
1.394817177651136164e-01
1.168615908654494495e-01
2.029219823784348120e-01
1.587002103682708110e-01
1.607795164317785408e-01
1.225073075856944749e-01
1.497385127022291262e-01
1.166679686532241106e-01
1.760159523600868803e-01
1.263729417123948540e-01
1.217472990069863314e-01
1.488939401414320907e-01
1.628983336236831392e-01
1.354561086900492040e-01
1.372535391989655185e-01
1.434635322576714167e-01
1.167259225276144480e-01
1.527643622701095882e-01
1.527388088980792258e-01
1.066682833325935942e-01
1.552234513850423436e-01
1.254742627814562916e-01
1.481465023506554901e-01
1.683213003637092364e-01
1.502092925664956780e-01
1.166147607188688234e-01
1.343419782159797071e-01
1.337422840090165821e-01
1.467572069530272694e-01
1.258630962321811708e-01
1.431309043223719102e-01
1.266620448510182018e-01
1.470419753040271282e-01
1.399925213044569960e-01
1.519215924620734015e-01
9.341236997440252599e-02
1.638724586219998391e-01
1.390028733445120568e-01
1.005282001215371812e-01
1.585664336870811209e-01
1.744757250422515893e-01
1.203143585564822315e-01
1.693812387140750109e-01
1.110370807905430163e-01
1.567055351611738867e-01
1.236743066769483007e-01
1.509491539251245906e-01
1.095811993235072113e-01
1.270013533230763270e-01
1.517324309457912801e-01
2.189594974942295491e-01
1.194976694563670561e-01
1.641291243721168802e-01
1.801855571734568007e-01
1.383373530102645910e-01
1.340586729623275963e-01
1.501946442000353654e-01
1.970483435733371147e-01
8.078611239228469798e-02
1.169534208289754601e-01
1.914078551178854948e-01
1.039707470104343640e-01
2.002086872707419529e-01
1.864076184920301915e-01
1.657156941692972119e-01
1.079766976376978355e-01
1.103202859045792072e-01
1.476697547728685334e-01
1.469770352746698205e-01
1.228760249403172827e-01
1.107404595197358371e-01
1.494260354981022942e-01
1.222635846414500821e-01
1.573755768246096753e-01
1.138431652343228073e-01
1.942820465729065971e-01
1.547092529244510906e-01
1.207456607094002099e-01
1.097076861142570053e-01
1.224614552023745445e-01
1.541833277483069808e-01
1.148778401534701343e-01
1.534402491775661570e-01
1.182206993947169521e-01
1.030861775815632431e-01
1.147738404744719221e-01
1.696111291481664785e-01
1.120479112292177559e-01
1.577974815227011773e-01
1.625557084438610800e-01
1.491469054259967064e-01
1.190697688734553561e-01
1.400435935346628913e-01
1.512827052538787409e-01
1.580782343529435197e-01
1.337119066777117116e-01
1.118945723876506176e-01
1.026714627292434762e-01
1.671179072227960416e-01
1.544859632674332461e-01
1.682384469597427712e-01
1.423769225009421935e-01
1.389863431404862459e-01
1.316320207437514100e-01
1.599003881791340176e-01
1.343476052007982757e-01
1.071728024373083399e-01
1.220002378419586392e-01
1.467618501995797131e-01
1.442545587422340847e-01
1.179669276429722719e-01
1.442791875627955078e-01
1.061536207558132772e-01
1.370504359779257109e-01
1.630695814454986847e-01
1.755220790184380264e-01
1.342472743879746244e-01
1.326116598376732014e-01
1.029910340595396046e-01
1.131484750289901697e-01
1.117510106713971024e-01
1.604559188534511738e-01
1.069634742579834985e-01
1.481235743735919153e-01
1.365900137602941156e-01
1.235790772564917261e-01
1.797260292536371762e-01
1.438016392294578505e-01
1.640461795234111342e-01
1.703127564122487447e-01
1.463057979599932668e-01
2.149793820262867750e-01
1.230578864079810569e-01
1.372309065455579458e-01
1.051614462857863586e-01
1.436981850753233647e-01
1.342835356256306123e-01
1.481646916952592263e-01
1.179161568231761326e-01
1.498059072874102227e-01
1.003201973713481188e-01
1.372518676064732046e-01
1.479548454098617571e-01
1.345178223063241418e-01
1.632112971276432067e-01
1.310140776766996196e-01
1.698059490528938120e-01
1.042192896964683202e-01
1.118019908181755728e-01
1.077222353219340345e-01
1.134547046706735340e-01
1.484304900006772066e-01
1.645253456321441599e-01
1.632878086997018863e-01
1.418273610828549858e-01
1.455257886220913954e-01
1.542995345436242727e-01
1.556873285016982800e-01
1.158972222044238609e-01
1.373554542631861275e-01
1.335228646973931899e-01
1.427579573987740602e-01
1.504287368951061077e-01
1.432971238041843010e-01
1.151763926812113537e-01
1.015377809595819913e-01
1.185055698242526434e-01
1.445939773628084901e-01
1.598782470301752245e-01
1.249518488554232504e-01
1.518359428232269881e-01
1.772164917499818859e-01
1.393732130418979254e-01
1.358561196174629115e-01
1.338174470529072957e-01
9.404458485734309980e-02
1.491603910709274339e-01
1.509414948640377396e-01
1.183007148839773925e-01
1.531496460561062867e-01
1.765958603482419287e-01
1.560950380618571498e-01
1.738752071994544846e-01
1.344738639574886152e-01
1.364471837966269030e-01
1.345941603966833156e-01
1.122024500090873234e-01
1.406243976248431893e-01
1.732469005787058147e-01
1.364751155973140118e-01
1.640569527765152469e-01
1.134056667762273624e-01
1.713771495676305878e-01
1.452449006116728891e-01
1.708335320404738567e-01
1.472152455306358354e-01
1.522523282862347505e-01
1.534515790208943187e-01
1.167537530656405087e-01
1.531643956385126959e-01
1.261024668104606117e-01
1.567079320613287419e-01
1.245115375102144595e-01
1.327544718006481994e-01
1.298735719885054374e-01
1.380181159981686834e-01
1.536187275406434571e-01
1.630233718568132040e-01
1.451414172273032543e-01
1.065898104697022009e-01
1.258088341306831670e-01
1.436941438427535300e-01
1.291394583902503723e-01
1.418115019646321584e-01
1.558641040504494257e-01
1.370073985048974041e-01
1.393351109103850016e-01
1.399037786684436679e-01
1.419021278902274641e-01
1.432588582314014702e-01
1.116939521863675455e-01
8.955138619934370492e-02
1.146597560994940118e-01
