3.232004916864389399e-01
3.259920711392164661e-01
3.414173830886709227e-01
3.051285097948249758e-01
3.000852520668441104e-01
3.054289660461294020e-01
3.382318868313052840e-01
3.180244875736651933e-01
3.122630017034781491e-01
2.877319914969816428e-01
3.005476599434078189e-01
3.301545186619248562e-01
3.127245644971408112e-01
3.435438284817584620e-01
3.317067667344842374e-01
2.993257378852103301e-01
3.000849642303226039e-01
2.960699178834393375e-01
3.403827747951608806e-01
3.038256137825931513e-01
3.413604365856298672e-01
3.003790983758677369e-01
3.117820659909266712e-01
3.331683825218714756e-01
3.210175209825861797e-01
3.133344333487632083e-01
3.091314152628868439e-01
3.094308650837453989e-01
3.088374932573115794e-01
3.280617524849440692e-01
3.181813375184372461e-01
2.989420969140520468e-01
3.114003979348837214e-01
3.348718609357500542e-01
3.065941068653549872e-01
3.395052363192577749e-01
3.128637297523469973e-01
3.032158998195303434e-01
3.121724292228793551e-01
3.387213074696617809e-01
3.183579663116071212e-01
3.252218747328871062e-01
2.852648189288993774e-01
3.071532742471468902e-01
3.257991920721231560e-01
3.140456723632709668e-01
3.095513670116463167e-01
3.275632378796349831e-01
2.892789284334306710e-01
3.042118821181392652e-01
3.349755364166885907e-01
3.035974906195000322e-01
3.089099727796347783e-01
3.110232365192379111e-01
3.335771887424151538e-01
3.189346619716767472e-01
3.338719011093273514e-01
3.036864110851891785e-01
3.005782395126910256e-01
2.986774724216302856e-01
3.136630146567874755e-01
2.834267219166119456e-01
3.127469753244910833e-01
3.108380489341299180e-01
3.285908415253837589e-01
3.014585140469984159e-01
3.390373667008178549e-01
3.110442601034534293e-01
2.869823718598590867e-01
3.212026750535267317e-01
3.039076039201405455e-01
3.315486016454606277e-01
3.286366189316141662e-01
3.057836668912431444e-01
3.162234898899373703e-01
3.282609802343484651e-01
3.325151362388066856e-01
3.085174037134836289e-01
3.342640492188697632e-01
3.048564704432706329e-01
3.386806335660662581e-01
3.182199790588410293e-01
3.186858849977977082e-01
3.206847256167931759e-01
3.301290180052478540e-01
3.165717952521910350e-01
3.138407736067382880e-01
3.214863855734025888e-01
3.227130750535112114e-01
3.133065269236982586e-01
3.288513783463555273e-01
3.256657760901764398e-01
3.073273095620009943e-01
3.438660677508768582e-01
3.266869532700049095e-01
3.132539207014516380e-01
2.805641251761910593e-01
2.968835315721177759e-01
3.217731001051980511e-01
3.019667166698741800e-01
3.279302667094478041e-01
3.178748848918219738e-01
3.465604222982777705e-01
3.069646947088210953e-01
3.045516136989432354e-01
3.183331475521867793e-01
3.116639311066343732e-01
3.151380072696598478e-01
3.092499132389850969e-01
3.245136559170356816e-01
3.422797762577137193e-01
2.991154834297180543e-01
3.194344668230217898e-01
2.991120153284750893e-01
3.073402866464516325e-01
3.117300162406360653e-01
3.148019142014483185e-01
3.196765545581082835e-01
3.191639965130808609e-01
3.043491503081966476e-01
2.965107239710804699e-01
3.243889741432698370e-01
3.147764643626283498e-01
3.162530948048344892e-01
2.936506533285844212e-01
3.256578524734327074e-01
3.209515627586469466e-01
3.217965879806567453e-01
3.156000752337350113e-01
3.142357012549085726e-01
3.274893960673090909e-01
2.923052751607423394e-01
2.895927030510940803e-01
3.190751501144998281e-01
3.000201206902081141e-01
3.072103359101504561e-01
3.143629072274789493e-01
3.316377134258593484e-01
3.256746957923727370e-01
3.239517418216258937e-01
3.147113099148305948e-01
2.975467627442108243e-01
3.190436847104016205e-01
3.270714771050618475e-01
3.044705323036653866e-01
3.176791939467631387e-01
3.161887731980786986e-01
3.301611102149660804e-01
3.093528960228087432e-01
3.118993835489411448e-01
3.059841445010874628e-01
3.062321486801506398e-01
2.984177387933144576e-01
3.361402406904834272e-01
3.292747122915623548e-01
3.191599543221774193e-01
3.102446608941901718e-01
3.253780917133444750e-01
3.191253119687737505e-01
3.003973557223981738e-01
3.410046689982776935e-01
3.094511880858902275e-01
3.072922724294749330e-01
2.859606887571620182e-01
3.215571201579087712e-01
3.241297168514120086e-01
3.132021630569551407e-01
3.229320206652734337e-01
3.395012674036914091e-01
3.087422101350031367e-01
3.182746354220958862e-01
2.927339286780366590e-01
2.967848169255148383e-01
3.259006364378717047e-01
3.125095177910985345e-01
3.084035140440954947e-01
3.190962989189904397e-01
3.385483210748342353e-01
3.217811147248300641e-01
3.026452511208825302e-01
3.349759394457140216e-01
3.107667177044125539e-01
3.264733060291477029e-01
3.149923208582759426e-01
3.124654366682258488e-01
3.228949467283322439e-01
3.176735347124075015e-01
3.364773035971660997e-01
3.198600970029445989e-01
2.963933066103451308e-01
3.356057074028618858e-01
3.378368421723102477e-01
3.164589930051232569e-01
3.355491899806174461e-01
3.124288508408632481e-01
3.170204664905484915e-01
3.077034837491186559e-01
3.178521340685632746e-01
2.983928193511528049e-01
3.067006611390893922e-01
3.304124094782439625e-01
3.051457422745120218e-01
3.209645957512693437e-01
3.059086065001873633e-01
3.052351696773307754e-01
3.159849328398946500e-01
3.120393224806021215e-01
3.175531961766595579e-01
3.327678204104694837e-01
3.152338231633667331e-01
3.190009954312068574e-01
3.142449263281362204e-01
3.163198194754326398e-01
3.190954202907080317e-01
3.199231201211603093e-01
3.153516601677716080e-01
3.143496393134749267e-01
3.207309609982376131e-01
3.322788668106955723e-01
3.170938960931301009e-01
2.912772282288523806e-01
3.274800033813971001e-01
3.114575243573750596e-01
3.375655827095327965e-01
3.218481717828843847e-01
3.195378695191944396e-01
3.234155889575629494e-01
3.290635849237393273e-01
3.117079346552874553e-01
3.104424026324409946e-01
3.206423123146660004e-01
3.219690103885609611e-01
3.225227768719588495e-01
3.119983491896440309e-01
3.093104774288432113e-01
3.214418080131742905e-01
3.069628290683473204e-01
3.467281124812947590e-01
3.111596957853653977e-01
3.058718260959977786e-01
3.268874934263032439e-01
3.157107079169920172e-01
3.122929732559492355e-01
2.951564644180123542e-01
3.203653882967977262e-01
3.257435692134907912e-01
3.197229563287377063e-01
2.911525218503526746e-01
3.175565067377097428e-01
3.325250672173413191e-01
3.255561160739844917e-01
3.236524619477265108e-01
3.156867544846428952e-01
3.089999877392744509e-01
2.933438337492181303e-01
3.136779377424950832e-01
3.006821574114785234e-01
3.439533754506728935e-01
3.126837283343537055e-01
3.247919963879002947e-01
3.082846725180828917e-01
2.888398175611491814e-01
3.107326056464838060e-01
3.134361080346524386e-01
3.116571659817592432e-01
3.376796041751315980e-01
3.029997064324502221e-01
3.106608937091784317e-01
2.953560388554982707e-01
3.223218925267170576e-01
3.384601966078264468e-01
3.118460004796613783e-01
3.228004363608288352e-01
3.327048238813731795e-01
2.963742838347165898e-01
3.285964802438609000e-01
3.158608381901140127e-01
3.045735692097709668e-01
3.146042964919419926e-01
3.326399899627706658e-01
3.191646819876573504e-01
3.213697025471071167e-01
3.102925500416862659e-01
3.074605649596853785e-01
3.245971669616003474e-01
2.987546944800894000e-01
3.181162298878717487e-01
3.029811732021255866e-01
3.198789072921662258e-01
3.004179411487387652e-01
3.030949539339101717e-01
3.193564672588692366e-01
3.092727650667601580e-01
3.305437401529151553e-01
3.046738443189596635e-01
3.333115461619934328e-01
3.132929226531725453e-01
3.079298226242737080e-01
3.129438169804868997e-01
3.190500044640059985e-01
3.133810508368649050e-01
2.984125859400050262e-01
3.035355983902073285e-01
3.243492918620304311e-01
2.860707510759508132e-01
3.415507031888885270e-01
3.257068416530590760e-01
3.356196882836933737e-01
3.092187493617686855e-01
3.197050605615526231e-01
3.130545198784261407e-01
3.198636854001861707e-01
3.352258323352750313e-01
3.377214065781466434e-01
3.118465766695800445e-01
3.272684340119186297e-01
3.035227196820161066e-01
3.177508868358801530e-01
3.316668971839041302e-01
3.182313574720243565e-01
3.136202964120841097e-01
3.024628701570499789e-01
3.206883868906167945e-01
3.339540631131250881e-01
3.251065086937731108e-01
3.123175943339942529e-01
3.392160827162289949e-01
2.987957164588511683e-01
3.094859867362728112e-01
3.107564838612232316e-01
3.269561666374466991e-01
3.223485241268139734e-01
3.073543800945700566e-01
3.112054790769399060e-01
3.086860357591443282e-01
2.869421520016104954e-01
3.019702116878244524e-01
3.117187906530611841e-01
3.109935400111130122e-01
3.281665710798555291e-01
3.091784236036136391e-01
3.020418371483516440e-01
2.970120486812266591e-01
3.257945092974038337e-01
3.288539799364837424e-01
3.116411806624898584e-01
3.324439576943211128e-01
3.079978154928046941e-01
3.012018878680020606e-01
2.885437997513311537e-01
3.297436998689358134e-01
3.208659139824283635e-01
3.010874220770684007e-01
3.221079037960264957e-01
3.233872917795026503e-01
3.096837512952069216e-01
3.170893923209502918e-01
2.863045089371367147e-01
3.078708662132873530e-01
3.337479035877725098e-01
3.214786507414099104e-01
3.196538171357745095e-01
3.368751856278643930e-01
2.995167716779192912e-01
3.286167505214191431e-01
3.107300246583492020e-01
3.314612159531716284e-01
3.025597851386058190e-01
3.137698146136583266e-01
3.003206199564331103e-01
3.241491381222860735e-01
3.196958471458160589e-01
3.291098118401490913e-01
3.014636425864312130e-01
3.225048528959313932e-01
3.374884286193062244e-01
3.372260570543869629e-01
3.276125980671802940e-01
3.310297549077465540e-01
3.311191690557557799e-01
3.063568555541716920e-01
3.365588772285123542e-01
3.133175198403014283e-01
3.548945411168636377e-01
3.102044129912558956e-01
3.280142691356725537e-01
3.074696151190801641e-01
3.115016314238253092e-01
3.047797893319196261e-01
3.221852461640485332e-01
3.053270076799596278e-01
3.369736409350052586e-01
3.331757919301718829e-01
3.263927609883547354e-01
2.922265141589472370e-01
3.239268644875573644e-01
2.897927385286949709e-01
3.293088442507516866e-01
3.193025763022487862e-01
3.159645167153069534e-01
3.305400625125046177e-01
3.087571781256311931e-01
3.291987592660966522e-01
3.247165495218274356e-01
3.111431764989706084e-01
3.082187591659866222e-01
3.063585813227666099e-01
3.187200992585410009e-01
3.218859260237399988e-01
3.296064683472764711e-01
3.312379169113341959e-01
3.109866641493587158e-01
3.095338914161375743e-01
3.215187313033284200e-01
3.236283566100860987e-01
3.174570480655602434e-01
3.058770191853797948e-01
3.120970264127019833e-01
3.003845758656774612e-01
3.225624635749861358e-01
3.206645467690235063e-01
3.262590456343203438e-01
3.314126206041382861e-01
3.392370065502722798e-01
3.026609960393707999e-01
3.450776084389508003e-01
3.320520992129634141e-01
3.097636869054330444e-01
3.280877049385183541e-01
3.180319340539872752e-01
3.098744574256275253e-01
3.322987471485909228e-01
3.270389273671510111e-01
3.022358230257877199e-01
3.293256345432835630e-01
3.100302761699146314e-01
3.132031903543646689e-01
3.200582163838321392e-01
3.002302208810065376e-01
3.295712069440706604e-01
3.087064378441822243e-01
3.434128222687117260e-01
3.326146889010963559e-01
3.045238780093660891e-01
3.229312414501744888e-01
2.845736780454288239e-01
3.154805276122443769e-01
3.353013761578798047e-01
3.055663211489482167e-01
3.076730259032915415e-01
3.032819448343352930e-01
3.315103866024592949e-01
3.084384837193755446e-01
3.171890503050904253e-01
3.077968061769706942e-01
3.151415542107536827e-01
3.104115200491415760e-01
3.205414119239117232e-01
2.942563527606272267e-01
3.197850275377053797e-01
3.031797349618260418e-01
3.330056515984305965e-01
3.438158191930902885e-01
3.199555307227670009e-01
3.377346525172879588e-01
3.230784936738584356e-01
3.086430064740356416e-01
3.272420918914945021e-01
3.045844996618747302e-01
3.081821640201094503e-01
3.303719583547287675e-01
3.072619706679501350e-01
3.497868194077869974e-01
3.185262763021356469e-01
3.056556811818268993e-01
3.313629277721235056e-01
3.183990113117758924e-01
3.269568471994189762e-01
3.036271578852381969e-01
3.026398981058419646e-01
3.353342809085690934e-01
3.454264645519806720e-01
3.223196629683987013e-01
3.054525771965180825e-01
3.386755012478325222e-01
3.083526971028451302e-01
3.320071833309347076e-01
3.178014796219835181e-01
2.972474809069033941e-01
2.951290192898439191e-01
3.151529811942286874e-01
3.341327947432223278e-01
3.036706911923719443e-01
3.115205596894519147e-01
3.062937809457489391e-01
3.427851591799483955e-01
3.144008229822813361e-01
3.271532211122405442e-01
2.807840632726267271e-01
3.183408999837656905e-01
2.992715490861517780e-01
3.345711441845132250e-01
3.297416234971364268e-01
3.046057082138757810e-01
3.119605521071380783e-01
3.226011371045179321e-01
3.244068868348078394e-01
2.882198719423861299e-01
3.154489493952500334e-01
3.183567758512526602e-01
3.059712029191408722e-01
2.857555322743402515e-01
2.998201261089887271e-01
3.089611212790369654e-01
3.245416009370413191e-01
3.312912824947464863e-01
3.086594010485622652e-01
2.940441590681904804e-01
3.081555951403478488e-01
3.376982997559832000e-01
3.221839446239690430e-01
3.038591471420868384e-01
3.226028583416878925e-01
3.272124055576594581e-01
3.013116238364611510e-01
3.156740681821357808e-01
3.182869246424268606e-01
3.051594971340821916e-01
2.922021889730707644e-01
3.195448865746225442e-01
3.190468064933897341e-01
3.418743586750779273e-01
3.208270182260117842e-01
3.023461402020171662e-01
3.155096638109158302e-01
3.069414834991358032e-01
3.063474645473044933e-01
3.140579661842169412e-01
3.131585735564249018e-01
3.084685586638281074e-01
3.246978081080897915e-01
3.287043042247965730e-01
3.018161597242556837e-01
3.062896545160930240e-01
3.233133511570872587e-01
3.143004338217639249e-01
3.186204111285061424e-01
3.097674478868666093e-01
3.082424849957454693e-01
3.123776521494197600e-01
3.261417478622684052e-01
3.196610189218166975e-01
3.333350769674892633e-01
3.117919700819100082e-01
3.024475042636562416e-01
2.945322889299150648e-01
3.204074516301785858e-01
3.015727257696835251e-01
3.157192837765887550e-01
3.161914641794024705e-01
3.284645317124869068e-01
3.172049550754301173e-01
3.121790778002100364e-01
3.111659764689840846e-01
3.227922212086361542e-01
3.059427404133158168e-01
3.168402686238597221e-01
3.255559619412667360e-01
3.136159138847086081e-01
3.433915454809137735e-01
3.150529516661444984e-01
3.441178179914708979e-01
2.813661309665171362e-01
3.337074373611330080e-01
3.130670641397303444e-01
2.978641030631002384e-01
2.993600253785230758e-01
3.306299076858050801e-01
3.029361001907623363e-01
3.184640873277873041e-01
3.357146951753858799e-01
3.291267387378470355e-01
3.179763241806844998e-01
3.086527603745187753e-01
3.240219883178447335e-01
3.036316038965015673e-01
3.025093358136402566e-01
3.294526072049066001e-01
3.176430060680072165e-01
2.897442084020143693e-01
3.268317761424978096e-01
3.002444763482367551e-01
3.213552038110764064e-01
3.057173243786580064e-01
3.121496298475079922e-01
2.900615373900071736e-01
3.191084881182044697e-01
2.886536707230707433e-01
3.208467755603175986e-01
3.194664561562005622e-01
3.430465630998974502e-01
3.310341637951136340e-01
3.002077976033692974e-01
3.245276031641474712e-01
3.187003464727379276e-01
3.296777734304917606e-01
2.989604470635055522e-01
2.903799959012504650e-01
3.133304977211370801e-01
3.107962539896734766e-01
3.094361484230616632e-01
3.010425908467543321e-01
3.266763690666502074e-01
3.129736711590102582e-01
3.250123034558144997e-01
3.306030848629942787e-01
3.317396083724186151e-01
3.252893515980856409e-01
3.320498638924035406e-01
3.153755889880541785e-01
3.406597288917644906e-01
3.241740211741517830e-01
3.349799364356637055e-01
3.449490920703084385e-01
3.297863156337855761e-01
3.147432108011049001e-01
3.338365157027246011e-01
3.208534685010685505e-01
3.268927414620620975e-01
3.051142148210940763e-01
2.881100000043740894e-01
3.112203845157656135e-01
3.065681428700763322e-01
3.183322966046424618e-01
3.153269038541811065e-01
3.273356383902190636e-01
2.916044837344700658e-01
3.116256865867907400e-01
2.973764392110980204e-01
3.488734626793036919e-01
3.453233961152327725e-01
3.189777914033833928e-01
3.232227882583617595e-01
3.466875072808914826e-01
3.202239794682353868e-01
3.160957808455587825e-01
3.049659522050637284e-01
3.201068849486373158e-01
3.282655705068254770e-01
3.156158578063458786e-01
2.865910957840923645e-01
3.142810862003443950e-01
2.875428371757221546e-01
3.147208961735845634e-01
3.171834221005419008e-01
3.275522142361119715e-01
2.942989851850215111e-01
3.260999194767603693e-01
3.181157546208894793e-01
3.339576526278385527e-01
2.964156422530543344e-01
3.308823442848461971e-01
3.226878654806927260e-01
3.162810713391282502e-01
3.413236277458087109e-01
3.238116082146653141e-01
2.991203578729769719e-01
3.108388813816345686e-01
3.135578722999164403e-01
3.103751552825580462e-01
3.031791788608576566e-01
3.073714033224697051e-01
3.161786424392818984e-01
2.908340636448398242e-01
3.273466010950362159e-01
3.216178842904858781e-01
3.056587579198652982e-01
3.056489780589590199e-01
3.180235328456882948e-01
3.058415995788247299e-01
3.294562275298075216e-01
3.125322719211831024e-01
3.150370118159650512e-01
3.148841474366638193e-01
3.111889993284822076e-01
3.141092895102772786e-01
2.986575047702526575e-01
3.546680175188303141e-01
2.990791014370919321e-01
3.107435901043602566e-01
3.258145874716548707e-01
3.345036723667910161e-01
3.263082412496280393e-01
3.205193348502247686e-01
2.827860515190998014e-01
3.234392414152001405e-01
3.286103350086274633e-01
3.327033435644527470e-01
3.278525820855732742e-01
2.983134248740372807e-01
3.391071970948929537e-01
2.922314861094318372e-01
3.368037279128145434e-01
2.847099504249520630e-01
3.103797874862906925e-01
3.275957981594994628e-01
3.042327638686469493e-01
3.110794999251978998e-01
2.922564316002060347e-01
3.082421894390159345e-01
3.219888559617166690e-01
3.368169977633548862e-01
3.269767569520454775e-01
3.206811432870139700e-01
3.124859822612996996e-01
3.184182073616087516e-01
3.031815592488514843e-01
3.206672373093771289e-01
2.950991250076424599e-01
2.818379752503896718e-01
3.087667217073452042e-01
3.319221885762572710e-01
3.055793725960067597e-01
3.112839695244466465e-01
3.005172058555117820e-01
3.355654791730268149e-01
3.193936013042035782e-01
3.031526499383267459e-01
3.199107663920267575e-01
3.279288450001601740e-01
3.288987904046771216e-01
3.181957018655086067e-01
3.252700912708222925e-01
3.289464304978198528e-01
3.423127203400313512e-01
3.311802005608073252e-01
3.331714663665878429e-01
3.222222901330572542e-01
3.046958216423766297e-01
3.218427439016859348e-01
3.114225486397127485e-01
3.360257239156831943e-01
3.194521451570200288e-01
3.221351805603398510e-01
3.046779695643418440e-01
3.175615038378040711e-01
3.039877417423831885e-01
3.278511928828616862e-01
3.195828294143540083e-01
3.062382398108850490e-01
3.263914640114188304e-01
3.066069489886760202e-01
3.028305277558614450e-01
2.913980213489842375e-01
3.116014177334817115e-01
3.098271015808664042e-01
3.087938717411882195e-01
3.221572928474484843e-01
3.289609184342840997e-01
3.243983440113648586e-01
3.189241542010780028e-01
3.436476610037148549e-01
3.410329166803892642e-01
2.894630158774733619e-01
3.238216501237253242e-01
3.288028059067504283e-01
3.332136411381275143e-01
3.067502462544204889e-01
3.278764389876446250e-01
3.098557169924424093e-01
2.986296905138400293e-01
2.930995036326645709e-01
3.088535151071449825e-01
3.137188622320580822e-01
3.227508455775963125e-01
3.012786977998668791e-01
3.079079561222206607e-01
3.021253300283796572e-01
3.209187954680759458e-01
3.047817976822483343e-01
3.055263599926121287e-01
3.209766684940983383e-01
2.996127397748103438e-01
3.180690905039572636e-01
3.066927726519278474e-01
3.076106197823388344e-01
2.936609182450586886e-01
3.093019993113289567e-01
3.069892019364499069e-01
2.950482048829597970e-01
2.928959616022073220e-01
3.199748314198807009e-01
3.285879318476417899e-01
3.132783432898968989e-01
3.134176508567346198e-01
3.014733361729748373e-01
3.242669207423943822e-01
2.957226896211810341e-01
3.100101947006327907e-01
3.065669709851986946e-01
3.047005809039615154e-01
3.258269719409998544e-01
3.012901299561998592e-01
3.191923215069790709e-01
2.942177051969324109e-01
3.224531694652789104e-01
3.114287071942370977e-01
3.184534971896608724e-01
3.161479681613478809e-01
3.008951264853928498e-01
3.082370650214153462e-01
3.107417536419523896e-01
3.174444764321140977e-01
3.230947893350571976e-01
3.281841017205068822e-01
3.166659288134623940e-01
3.116234543616202002e-01
3.164971256287302248e-01
3.110116785310770848e-01
3.204062851423937763e-01
2.968203487140315677e-01
3.039198203737564774e-01
2.941930887424216712e-01
3.169712732817632772e-01
3.268546302444019780e-01
2.928640234197020242e-01
3.047800822642284801e-01
3.025303579179886571e-01
3.173073551354183008e-01
3.233811536805422659e-01
2.986520747469297299e-01
3.213340697774033639e-01
2.901224474323881863e-01
3.301600624644167592e-01
3.231227062398682737e-01
2.960727081581641107e-01
2.888766388632705295e-01
3.005166996787403955e-01
3.132807965435880360e-01
3.243485464941210372e-01
2.895141103069548416e-01
2.802166966843160911e-01
3.137689267026980700e-01
3.163462846203747292e-01
3.208887059093056271e-01
3.224533572827041339e-01
3.142671720918525646e-01
3.179088166370708235e-01
3.046181475856589715e-01
3.080853140095801690e-01
3.361021804257430245e-01
3.047343500037489328e-01
3.252576911233411860e-01
3.047769783699635915e-01
3.073979080145484710e-01
2.953678534441183667e-01
3.248893393624263659e-01
3.156522564123328545e-01
3.351711875588753164e-01
3.221309564181366047e-01
3.473557084997094258e-01
3.232512853211337855e-01
3.086502397924710261e-01
3.247744899547508335e-01
2.971957297296818901e-01
2.907245931218184753e-01
3.174708466307401555e-01
3.064593620344323033e-01
3.433929213940030700e-01
3.110392411719817285e-01
2.982604437664325148e-01
3.350298853670038990e-01
3.281349319093454509e-01
3.087643365009822283e-01
3.156160544670014723e-01
3.261737982255067392e-01
3.102037546476432150e-01
2.950890805098459468e-01
3.414651340037753724e-01
3.055335932437107660e-01
3.077869702939456387e-01
3.411363551022913443e-01
3.085493296949792241e-01
2.931495849041271251e-01
3.047380177359328424e-01
2.970423631962594291e-01
3.004319464835090159e-01
3.223174442131788164e-01
3.398627311913497984e-01
3.210549877790975781e-01
3.341106465363337108e-01
3.011846580563029008e-01
3.144837498232706530e-01
3.027789420179335389e-01
3.052051057531191547e-01
3.036131459836319268e-01
3.265585492327683914e-01
3.499785163958574197e-01
3.287391537370801808e-01
3.258984809613376110e-01
3.108034016311765901e-01
3.001808890417282938e-01
3.127966571663023387e-01
3.066949992727902585e-01
3.474937457548822328e-01
3.261105316442358126e-01
3.074093140248625455e-01
3.056350002401342358e-01
3.281946017497589518e-01
3.107454428608988350e-01
3.099654269829382747e-01
3.368054450290228208e-01
3.257629289886229129e-01
3.163651694256032210e-01
3.143121920324619123e-01
3.293498664209047466e-01
2.867373783970990075e-01
3.148307199388428179e-01
3.151488438720488894e-01
3.437281159465451763e-01
3.144168157759263948e-01
3.093553105228417643e-01
3.287981936311402120e-01
3.072922960248970492e-01
3.200958914328324578e-01
3.324519721085026913e-01
3.162822097260013510e-01
3.410364184307453916e-01
3.069883959037901233e-01
3.063308775637083592e-01
2.854732334155402063e-01
3.246412494276610938e-01
3.038955236682031047e-01
3.217513772093664182e-01
2.998941236737970861e-01
3.151109776616841107e-01
3.134039637175843884e-01
3.100077532470347785e-01
2.894137756819566976e-01
3.235521482070687904e-01
3.021875265065300797e-01
3.324214445047947164e-01
2.994596685635794175e-01
3.166253956985791151e-01
3.211002363781012003e-01
2.927027671132693132e-01
3.214636985730388585e-01
3.151202654976868467e-01
3.183954689153858375e-01
3.244127711785367851e-01
3.231487795822676756e-01
3.281057234889347418e-01
3.053235454987221487e-01
3.151053542373080107e-01
2.961943042710385443e-01
3.022787106288024050e-01
3.274763789680711912e-01
3.232028494277157105e-01
3.212521216333873442e-01
2.987320717587232943e-01
3.092494232581291524e-01
3.085753002484726837e-01
3.137306764662358693e-01
3.146530643674094740e-01
3.129111291459706345e-01
2.915696344397133433e-01
3.195360810853126177e-01
3.027004757361782539e-01
3.166754467544742324e-01
3.482309373948438980e-01
3.087320126272121712e-01
3.357404490024037957e-01
3.326009199503265346e-01
3.145934689539331974e-01
3.184396469688022258e-01
3.272146771447951852e-01
3.447672777979090553e-01
3.278296815660185493e-01
3.005272112113360206e-01
3.060775179483945507e-01
3.403272708230887789e-01
3.439052974614103531e-01
3.120550795659656207e-01
3.276723681572278890e-01
3.220499865831967790e-01
2.983723490071548134e-01
3.271991942386079377e-01
2.920939902428976720e-01
3.246602617117481659e-01
3.191023146839142566e-01
3.081838807125230617e-01
3.046992383817320738e-01
3.045103443974407353e-01
3.065571934869817383e-01
3.131911157910193255e-01
3.012636017795246590e-01
3.215577518025595216e-01
3.194324091692209433e-01
3.439044464150548541e-01
3.200067040858119438e-01
