1.025751947250481272e-01
8.726348671414810299e-02
1.081088856464081510e-01
1.345671576083607712e-01
1.388944932874089655e-01
9.526546991784150265e-02
1.292547123960252065e-01
1.124540794613969608e-01
1.152176513518321094e-01
8.545350015132997801e-02
1.059744991879165432e-01
1.340939988992579379e-01
1.235885121965324684e-01
1.029449208384838332e-01
1.485995102395873402e-01
9.308150736347660381e-02
1.172761852794043380e-01
1.100325803948589976e-01
1.098569042093948400e-01
1.629529319191850290e-01
1.008326791791688548e-01
9.991996628682017767e-02
8.899215973898284837e-02
1.284797909342877964e-01
8.188366932469029469e-02
1.133115721012662724e-01
1.228739595411895980e-01
1.464079827602468298e-01
1.279593638536874745e-01
1.114545153687339224e-01
1.212501129359556257e-01
1.182664739944514071e-01
1.531485697820863801e-01
1.203707936774312676e-01
9.904291730756764611e-02
1.119329790435044797e-01
1.338386248089091235e-01
1.030293991986979962e-01
1.341986146088247067e-01
1.136244457254316637e-01
9.344516828633805949e-02
1.090900319196427687e-01
1.478870141125332993e-01
9.555505523255172773e-02
1.353584295265805870e-01
1.144712839995006559e-01
1.000239382908056918e-01
9.487404377128741406e-02
1.322960695357055239e-01
1.480683969164706126e-01
1.093974267519162158e-01
1.325530701465646999e-01
1.117285381309365278e-01
1.195264562646798367e-01
9.978039677645651750e-02
1.108147421905764096e-01
1.021879023142523157e-01
1.162597100708143288e-01
9.334886741379000430e-02
1.094626382331002901e-01
9.824222048949368680e-02
1.667089678781401019e-01
9.767641278845265451e-02
1.525601248250670061e-01
8.517210624007498510e-02
8.963780246521331485e-02
1.463779498800073797e-01
1.344441868412071805e-01
1.012192958038263813e-01
1.305302162733345539e-01
8.561145092375391230e-02
1.284943198197519010e-01
9.797903181574137144e-02
1.036887901371806586e-01
8.365921796081821071e-02
1.949358239005535842e-01
1.077245398733273490e-01
1.132498817051467987e-01
1.014967144272999749e-01
1.007581982067625725e-01
1.173463498786732062e-01
1.265312988128921567e-01
1.424802747059824015e-01
1.376194641978498168e-01
1.239149608594708463e-01
9.588785496358002980e-02
1.184543042692449699e-01
1.463268397749448446e-01
1.198120888861576167e-01
1.332245139933833644e-01
1.305107520877950844e-01
1.005293781973507078e-01
1.080151469093253019e-01
9.860874653823503699e-02
1.226054465155131251e-01
1.356361371896753765e-01
9.608022777801387970e-02
9.363051148933994317e-02
1.162614327165965300e-01
1.101440925926646247e-01
1.162148818154084828e-01
8.517347438909014801e-02
1.702569031118406628e-01
1.022898557522099183e-01
1.445574303426803986e-01
9.882156174824638373e-02
1.017605655763972605e-01
1.511582072752447048e-01
1.103845802515734525e-01
9.587574293587859675e-02
9.115448374648389696e-02
1.341600265648532075e-01
1.295087416166646188e-01
1.035437892380715735e-01
1.155010506573182355e-01
1.091205743701904457e-01
8.566067259666354516e-02
1.416879788103618532e-01
8.810255203511488387e-02
9.859852571562836843e-02
1.432486816114885708e-01
1.461657111961482125e-01
1.038448099959749793e-01
1.025439103321773571e-01
1.528724398037864252e-01
1.433335905668930432e-01
1.478630133253238665e-01
8.990007328894780714e-02
1.568663286744048646e-01
1.521611119614006968e-01
1.057128159957796409e-01
1.193463880793613069e-01
1.060300070802662614e-01
1.044379525802989761e-01
9.947459187287807647e-02
1.477954724851799351e-01
8.569936232539845933e-02
1.228190133698490866e-01
1.150463700705878223e-01
1.168715193115091588e-01
1.319834815415364959e-01
1.160601425819270255e-01
1.091495602574802798e-01
1.226296597772099650e-01
7.361320132451960874e-02
9.940698046799019416e-02
1.247693504236287582e-01
1.264311915469905345e-01
1.115564948787732130e-01
1.543417038076820014e-01
7.042425678807009981e-02
1.474584138870103645e-01
9.389165811425996544e-02
1.451841466773692857e-01
8.998120893610220272e-02
1.036671300110040550e-01
9.833294010263790574e-02
1.233875570090601503e-01
1.206497991215239179e-01
1.053177352004952133e-01
1.219799399593000100e-01
9.397129101942840179e-02
1.438543254026767582e-01
1.313995481043471747e-01
1.078465276946247303e-01
9.496639893353289730e-02
1.230470051886275451e-01
1.272995762084506155e-01
1.220529409676288646e-01
1.238212854879320590e-01
1.357078759780127875e-01
1.204940922009527793e-01
1.729067180929770853e-01
8.964548940150263157e-02
8.058912048537088257e-02
1.409187221546757962e-01
1.316881214261124977e-01
1.091457530764687045e-01
1.042594090770313509e-01
1.088731135411725726e-01
1.332444020719395772e-01
7.553500791458560293e-02
1.446884061131505639e-01
7.388566631880018332e-02
1.310971518199176011e-01
1.460473071562625735e-01
9.239257797908517755e-02
7.687016679303700084e-02
1.340495327875883547e-01
1.178231126535271150e-01
9.776308609792760951e-02
1.115316381069648283e-01
1.197587784209842160e-01
1.475324765994864007e-01
1.033686356882580482e-01
9.898875206818939787e-02
1.153483799164841672e-01
1.062860100426549492e-01
9.506880694702679602e-02
1.157103017782573906e-01
1.135448604002903539e-01
1.440106137473507464e-01
1.233094116634603638e-01
1.337184851894182569e-01
9.136305431092113516e-02
1.145545105316420481e-01
1.060715243319701601e-01
1.088586550236415873e-01
1.025115255444426915e-01
1.142288777174356451e-01
9.253767361836703897e-02
1.388879015497543334e-01
9.533788062888992609e-02
1.484660921348056606e-01
8.187893766014812946e-02
9.788551132979224356e-02
1.327605122663248483e-01
1.458405996941151139e-01
6.831805580862067295e-02
1.482430511702696463e-01
1.213203679782513672e-01
1.172974755247309930e-01
1.381804618726878708e-01
1.106163603375453774e-01
1.192217225424364868e-01
1.361258378408774228e-01
1.046468323541520223e-01
1.223635165863542207e-01
1.430896194051628767e-01
1.097854116389478107e-01
1.221162693784913628e-01
8.433243411681563828e-02
1.327796916746753209e-01
1.132512005679622014e-01
1.191367816070036945e-01
8.455770816266658385e-02
1.482249673326389572e-01
1.286304966302541375e-01
9.445413983590597584e-02
1.513007791374313959e-01
1.356105876901254059e-01
1.585703716832396193e-01
1.174922689785241198e-01
7.102561758377681778e-02
1.306602875407524011e-01
9.299267182445650204e-02
1.852204982588648574e-01
1.544263867353072583e-01
1.326854420632609388e-01
9.037979730282852397e-02
8.560065947194291092e-02
8.482611996632494211e-02
1.087603855730543828e-01
1.009353054525222726e-01
1.422338938701978306e-01
1.905381785459709099e-01
1.291352755465834945e-01
9.291995740509366442e-02
1.129712228188380629e-01
9.706641634309709499e-02
1.245113821811554000e-01
1.035416202089024934e-01
8.254569883432505417e-02
1.165788219043389085e-01
1.273634558891066915e-01
1.290344914063393245e-01
9.102597710231544181e-02
1.455153283577282630e-01
1.147392389559513948e-01
8.614510290790902691e-02
1.799571263705908863e-01
7.702939198217013950e-02
9.423173293786483995e-02
1.404351114853666371e-01
6.662576832356681411e-02
9.077079185177053255e-02
9.032098836630497729e-02
6.844368447175977477e-02
1.225105603628214856e-01
1.286364154142849714e-01
1.276925996002565011e-01
1.000570013540963699e-01
1.350656321850451924e-01
1.250714142616157210e-01
1.088017687363002778e-01
1.356284991352549318e-01
1.195024113758021977e-01
1.321039460375799945e-01
1.276135237457090565e-01
1.581601443213044023e-01
9.102666641215098609e-02
1.139451520105874555e-01
9.584896528516224923e-02
9.793134925447162520e-02
9.860287954515070674e-02
1.528746279334806391e-01
8.004711197388189592e-02
1.249403932722859684e-01
1.024636129443703830e-01
9.442753508726217659e-02
1.099970726447921238e-01
1.193016279013084935e-01
1.042033962859138241e-01
1.154865778325460807e-01
1.011869512721471354e-01
1.220191821319362713e-01
8.574617306011149409e-02
1.044892259590436689e-01
1.700478418000951342e-01
1.055183759572639879e-01
1.015855197642480112e-01
6.777461417273607236e-02
1.086273315811505658e-01
9.841366536242843188e-02
8.740452825570003970e-02
8.364565758140393714e-02
1.092108434801736527e-01
9.196269177093437108e-02
1.139611072707959333e-01
9.077796812559968398e-02
1.044533043906678005e-01
1.208824947119009618e-01
1.152248747483361757e-01
1.212020823563294825e-01
1.049213302024032124e-01
1.199415605935647139e-01
1.554877476875571318e-01
1.189239453953042647e-01
9.588782138164135549e-02
1.082224575464024729e-01
1.135877246901362270e-01
8.107069315260599651e-02
7.686579112600207264e-02
1.368994101659823381e-01
7.981402781348675979e-02
9.250323833210807867e-02
1.554937278556509372e-01
1.069977227600305003e-01
1.272427915856194081e-01
1.122666688914024241e-01
1.050526916149549794e-01
1.188799994881122590e-01
1.085922659626462894e-01
7.118813384372939257e-02
1.633681463461361671e-01
1.302019636767759725e-01
9.561755854382340825e-02
1.037067806978515250e-01
1.121412937114021624e-01
1.116630582655923909e-01
1.106706683280068299e-01
1.228051548526115644e-01
9.375943370593460557e-02
1.347330134234699939e-01
8.000699430754568131e-02
1.136858780271514935e-01
9.810234765622363740e-02
9.257996980557174627e-02
8.380373731616874711e-02
1.062373519136232680e-01
1.146068382220291754e-01
1.372793919809773833e-01
1.687542096778263667e-01
1.155369107971287168e-01
1.232950979790442825e-01
1.471605204695691227e-01
1.225592594134548852e-01
1.348533736283425155e-01
1.283654113279588116e-01
1.133872210180285334e-01
1.496973960313598973e-01
1.804735983483631290e-01
1.304351171790173458e-01
9.670810916253951006e-02
6.029954740487553089e-02
9.462132259462896489e-02
1.329969936037705691e-01
9.109454592256897854e-02
1.255572791859989601e-01
1.296650101197500404e-01
9.995752657597301027e-02
9.047880873598794504e-02
1.031783964595440750e-01
7.621639188365458839e-02
1.176701710843430781e-01
1.193502229482422405e-01
1.464646628950755924e-01
1.071846500667114482e-01
1.380787916951561056e-01
1.240393063568545340e-01
1.621858238011208431e-01
1.261599382594138230e-01
1.320010971260537902e-01
1.358576528341390588e-01
1.135781846463797679e-01
1.584874841700865955e-01
1.531687436797368462e-01
1.206964226383334671e-01
1.415849695901062466e-01
1.206177673583927190e-01
1.084535768786445420e-01
8.923193799152409622e-02
1.318514402470867819e-01
1.424809281883753498e-01
1.191656214046254159e-01
9.746681231816826940e-02
1.764235426988474409e-01
1.139595157586775487e-01
9.041661526147112826e-02
1.148128377971015801e-01
8.414329552080404562e-02
1.661781915191913039e-01
1.071094956891721628e-01
8.760536408756702809e-02
1.318424067882333905e-01
9.770249490848330332e-02
6.930250435974094625e-02
9.238897664384362884e-02
1.138239775561483286e-01
1.263249878786105174e-01
1.303279396712230254e-01
1.182979743716745802e-01
1.105518407786967583e-01
1.544184193813188388e-01
1.324429297687555740e-01
9.364103931101760980e-02
6.394414745096929642e-02
9.117662171720868070e-02
1.394228915555891235e-01
5.307216914738850655e-02
1.076410114405575297e-01
1.201348412623854250e-01
1.620086665787793534e-01
1.579546822858781674e-01
1.352710320805443900e-01
1.519356540510863329e-01
7.923215097081352798e-02
9.232226716583540049e-02
1.496919256173457613e-01
1.395988451834790367e-01
1.213900034948528078e-01
1.260344807717667659e-01
1.400668654242166744e-01
8.883545822619949572e-02
9.561766153161685433e-02
8.544428706296103293e-02
1.022325379323217598e-01
9.689213293337299582e-02
7.944638027185182971e-02
9.822351589072979283e-02
9.000194335627365039e-02
1.247516829026847213e-01
7.887177599020915586e-02
1.383671607202462961e-01
1.156381450174047976e-01
1.329809098553262070e-01
1.260125386248551749e-01
1.328005960552803566e-01
7.126365497547224037e-02
1.159795905825586476e-01
8.531267568800722512e-02
1.052404489105928376e-01
1.426703199455594817e-01
1.067154672294842455e-01
1.340242419465454415e-01
1.042754079225884922e-01
1.095855224463000432e-01
1.032122950926410293e-01
1.214331750284678435e-01
1.135319303648148204e-01
8.791052452589678823e-02
1.307285094997705510e-01
1.507263831145249922e-01
1.081959983920418866e-01
1.370148514855802913e-01
9.717424333360043243e-02
1.147123560803023495e-01
1.218059354965185526e-01
1.240326539534113703e-01
1.298094811015589323e-01
7.458682307613451190e-02
1.202939403343866731e-01
1.132621547701376102e-01
1.171556596379904197e-01
1.055997064637391042e-01
1.463643347783527560e-01
1.475284276235200864e-01
1.243832882582819321e-01
1.022885842322796834e-01
1.119400781680318369e-01
1.318987335789625626e-01
1.212174735059656089e-01
9.654333478335981600e-02
6.236656815059338221e-02
1.306265605870822744e-01
1.324476403760753429e-01
7.370286950124163572e-02
1.472274288234182715e-01
8.467473049343554603e-02
8.178382903287373384e-02
1.174498431638262008e-01
1.233906339819756948e-01
9.422986337626829134e-02
1.367499132157397879e-01
9.464667477598602552e-02
1.159698736519875623e-01
6.816084993846101281e-02
1.075412910948821965e-01
1.463308353375649962e-01
8.587441529981239274e-02
1.059109815766771934e-01
5.565755662548661775e-02
8.784551132515391880e-02
8.203165006231372125e-02
7.174570951562556087e-02
1.175082502687999908e-01
1.050076016447463179e-01
1.095081347998829446e-01
1.317193804349884312e-01
1.034460596592624987e-01
1.017332977957748630e-01
1.169513749760031363e-01
1.103873537401367511e-01
1.653362485821514571e-01
1.137394662461437972e-01
1.443708207514083353e-01
1.098838139587786367e-01
1.544117968916247086e-01
9.552147309251420026e-02
1.027409109842967461e-01
1.195372620066443847e-01
1.224361034569898254e-01
8.430168225387335568e-02
1.246131597384175504e-01
7.912034157822575575e-02
1.384074643875221056e-01
1.370538872518375917e-01
1.170016497953017265e-01
1.228031732160415335e-01
1.633843493870100749e-01
1.421227398955874077e-01
1.068772540186916087e-01
1.146951776054794536e-01
1.275826282012280655e-01
1.442784129695835471e-01
1.256908531226282877e-01
1.621822701205266060e-01
9.011329574630218275e-02
1.459104194422076728e-01
1.037291125711320705e-01
8.966097243274502582e-02
1.270237416427700272e-01
1.198823139813968985e-01
1.414525398785130561e-01
1.061727024398549657e-01
1.190522969763047750e-01
1.568707978864341546e-01
1.623826756040183672e-01
1.191182879135543465e-01
1.064531667471955850e-01
1.179610727532585945e-01
1.342977972115447505e-01
1.186819012763018211e-01
9.954967262420906515e-02
8.018947123023208168e-02
1.127065513679040010e-01
1.355437760065066333e-01
1.351223378448696555e-01
9.768548478382799161e-02
8.909756490729996148e-02
1.417146987486994636e-01
1.248186808438927348e-01
1.076172864524059108e-01
1.415743843427711146e-01
1.759329115636498186e-01
1.194435902706700026e-01
1.076253288347352177e-01
9.530997423554024572e-02
1.687483677559361017e-01
6.698432249168033426e-02
1.499278468527633912e-01
1.084238254542674723e-01
1.543863458513259623e-01
9.211108146668769980e-02
1.188843034983336072e-01
1.043116490206643654e-01
8.811897430970623557e-02
1.202280330403946162e-01
1.453337833615461760e-01
1.580382529713794393e-01
1.283576138815741285e-01
1.350692717388554120e-01
1.428504431191950363e-01
7.443652219148685911e-02
1.303019952519496871e-01
8.365601254897014893e-02
1.621211293863477620e-01
7.280994320575676082e-02
9.690153129200229642e-02
1.363937194220154747e-01
1.101728290076220695e-01
9.946381970897003044e-02
1.498745355789556366e-01
9.806481037615774610e-02
1.018834172569269836e-01
1.515146143164805836e-01
1.065378883213685679e-01
8.782658287154385124e-02
1.183936186282390779e-01
1.133947044582688940e-01
9.796007240330110999e-02
8.511188375179987164e-02
1.190561329970715593e-01
1.100188189150429763e-01
1.204781728200057245e-01
8.250130062168423151e-02
9.248382464145657456e-02
1.079578295256007764e-01
1.124008949093201204e-01
9.425488818278859871e-02
1.006765016323403483e-01
1.646129333599487266e-01
8.388412584040379205e-02
1.004673283085954771e-01
1.272142220206895213e-01
1.140320496551747997e-01
1.116971679497451159e-01
9.329807036530883557e-02
1.097745111033473220e-01
1.195626731429194345e-01
1.085572638357881620e-01
1.146584885129764142e-01
1.049991573419009755e-01
1.229677819650713405e-01
7.475932586897086896e-02
8.728454184130533811e-02
1.314079965013723039e-01
1.276504017407798230e-01
1.206943661637678300e-01
1.226504474261404243e-01
1.615569127913105973e-01
1.527556433346681508e-01
1.128454173433494356e-01
1.060983904858547044e-01
1.154993148338695486e-01
9.211753807146452755e-02
1.534957156096211084e-01
1.082157460120707348e-01
9.876701092782347313e-02
1.095032809885381486e-01
9.182556583826970154e-02
1.249591819980887947e-01
1.000930140019488934e-01
1.123268409656744959e-01
1.254523756955211455e-01
1.209983204532771861e-01
1.297778478855569351e-01
1.180576429044798009e-01
1.207685318192243396e-01
1.862027887183931030e-01
1.666880525338668428e-01
9.549546578417322795e-02
1.090521639892382544e-01
1.312181047182863769e-01
1.294144774184096125e-01
1.133685245645391221e-01
9.105499139345138437e-02
1.272852346274692403e-01
9.889693063725882305e-02
9.256682335245547399e-02
1.366383548193286501e-01
1.284685436748101428e-01
1.294507541682183016e-01
1.139821433021156044e-01
1.346359037196956654e-01
1.363593381931576531e-01
9.318821498321183672e-02
1.152255875749111091e-01
8.825337496169378959e-02
1.040499272777484913e-01
1.184937071414107201e-01
1.034515407322556396e-01
1.297365483892459204e-01
1.311277891083114100e-01
1.211529219127701618e-01
9.843223875997900163e-02
1.050729584292319913e-01
9.540307041041069802e-02
1.604060062251450314e-01
1.034333343030185148e-01
1.239225825003112541e-01
1.225948866073501564e-01
1.088181599039166059e-01
1.232345759355076009e-01
1.113469321818454649e-01
1.214860113842465006e-01
1.345921210583688743e-01
1.333535017365505282e-01
8.616784774165772709e-02
1.011687927672358100e-01
1.476580122698357700e-01
9.787161174819161702e-02
1.113315110256868357e-01
9.506182941122401364e-02
1.357467783234996284e-01
1.205895053187713561e-01
1.231590442436446969e-01
1.060012866782475971e-01
7.622957874775530829e-02
1.155198579373019757e-01
1.502254924076263931e-01
1.018812168486439296e-01
8.052048516463206074e-02
7.492339354114249672e-02
8.814079660604441646e-02
1.219906615850269577e-01
1.154218356394918626e-01
9.063769218945808004e-02
9.904597953190510951e-02
9.056135427652656222e-02
1.372527718913972294e-01
9.367826018803129817e-02
1.031430397857984876e-01
5.335816821791843079e-02
1.500767591075492513e-01
1.068774605278617063e-01
9.249975920780406646e-02
1.578861684582722469e-01
1.204186906427734127e-01
1.263262504656195162e-01
8.448829242856145672e-02
1.254759081843055957e-01
1.067407144687647219e-01
6.488637533773582156e-02
1.269119499660850969e-01
1.218984986800731585e-01
1.212339220826229302e-01
7.706444222165664826e-02
8.875562887914367760e-02
1.050109852910358771e-01
1.186508011772340609e-01
1.353067981493680239e-01
1.043436193127891959e-01
1.275563704639244844e-01
1.469406789282597103e-01
1.082564915896384594e-01
1.022103802793210559e-01
1.024270653340684512e-01
1.003492546388630863e-01
5.116902299050181402e-02
9.522196991767387098e-02
1.047565158336330182e-01
1.911162144851898947e-01
9.803120471937978864e-02
1.236552513359324423e-01
7.360804780294864791e-02
1.585370304723398016e-01
1.082946305150073868e-01
1.390474423484668043e-01
1.426014461925809163e-01
1.045603792274548693e-01
1.447674288791813146e-01
1.014233561843377734e-01
1.321038312042287777e-01
9.642462296917650444e-02
1.390815301324634656e-01
1.453897678142433147e-01
1.228932827689522139e-01
8.862753181446376971e-02
1.079675950542408891e-01
1.306361055102678859e-01
1.256104887091275824e-01
1.345875189470484290e-01
1.404841792972269798e-01
1.359955885647840257e-01
1.233695913106079428e-01
1.056004599700854918e-01
8.768227835087169519e-02
9.888782742681009874e-02
1.060953089547834322e-01
1.439895114371974871e-01
1.084489580481850374e-01
1.152099857150797879e-01
1.303219338483503908e-01
1.263537152627590143e-01
9.323290912500759031e-02
8.747940296824477380e-02
9.436653429641432556e-02
1.076996087009512715e-01
9.877754427505747170e-02
7.581976796782263772e-02
1.148917578353068902e-01
1.295495717135967673e-01
9.358613090303632975e-02
1.655527566605000944e-01
1.724786768536080706e-01
1.274902764744564876e-01
1.066972470102512255e-01
1.689364125016841744e-01
1.088095894153332521e-01
1.299037368519059266e-01
9.920954310755943084e-02
1.702199856431692304e-01
1.376322892488794358e-01
1.301209624684065425e-01
1.176275674420224071e-01
1.036553654881883640e-01
1.703340848791328188e-01
8.943907303230065609e-02
1.255918451683730452e-01
8.516119837480176646e-02
1.127314328966992074e-01
1.019326100795263368e-01
1.091373462449569953e-01
1.191565614821712138e-01
1.336210595888344677e-01
8.402573280059873195e-02
6.310574896773399334e-02
8.085576673542234361e-02
8.811905271182067512e-02
1.105640122995451557e-01
1.403021359150467273e-01
1.060606733374584720e-01
9.358576893242967487e-02
1.143969134420872447e-01
1.302673682041488035e-01
7.315455401143484970e-02
1.205719744699417229e-01
1.179471619992266546e-01
1.889060090572587114e-01
1.124685545523867597e-01
9.481296529032323672e-02
1.176213804789550121e-01
1.276110710589078434e-01
7.363612718865983342e-02
1.182681890119347407e-01
1.582483943249570202e-01
8.040987552162603968e-02
1.025630006250536769e-01
9.181054689211480546e-02
1.204755609308099801e-01
1.349562130929909676e-01
1.465294532113443626e-01
1.041510874873372156e-01
8.982922876807104828e-02
9.406707752265122680e-02
1.140095090201328210e-01
1.341901504204342510e-01
1.351587212018248441e-01
1.465805217650384962e-01
1.137500958637104598e-01
7.399122765091645237e-02
1.266671753439502779e-01
1.330331105104826106e-01
1.091541796067082293e-01
1.300660025884353144e-01
1.443030513723270458e-01
1.291570635071124795e-01
1.504602330206125660e-01
1.041902225101696000e-01
1.334230939431395313e-01
1.085137672107905626e-01
1.778138265619552960e-01
9.555811422516027887e-02
9.760173232605158511e-02
1.108141469542928553e-01
1.270057728022732368e-01
1.161625635229190934e-01
1.207132300787910201e-01
1.038560617663147612e-01
1.024010282233561026e-01
8.532637944890250625e-02
1.091322838159201752e-01
1.421340256732482599e-01
1.611888114263987370e-01
1.064924353380044125e-01
9.960388845093277876e-02
1.374561129388771619e-01
1.080898140591958906e-01
1.104496457643398405e-01
1.022848502393493286e-01
1.180763129211120505e-01
1.492870717973585615e-01
8.846525648911007789e-02
9.719479980944753517e-02
1.350636117032392447e-01
1.448043926420581051e-01
9.826054185042028266e-02
8.951574027036660053e-02
8.497381853243471395e-02
1.008997293376173304e-01
1.109723278680801728e-01
1.218198328733466340e-01
9.154563460086433124e-02
1.207046170088212078e-01
1.150542108764605748e-01
9.190215074535228179e-02
9.305370924048694814e-02
8.914660048970493578e-02
8.211313597565414457e-02
1.002421693864185281e-01
1.457472166464009455e-01
1.087459396843509785e-01
1.274675398776224378e-01
1.237273408068931130e-01
1.150260115554291029e-01
1.177876682720340601e-01
1.230161709444184542e-01
1.097783949138911030e-01
8.235085686229481894e-02
9.619116233598867804e-02
9.320584800140163662e-02
8.857503036348805814e-02
1.346051691055607791e-01
1.091633150702550764e-01
8.399315450618680123e-02
9.180644628016854103e-02
9.711363855540651457e-02
1.252727693952044585e-01
1.059931944678697835e-01
1.571871352967548485e-01
1.299657079830995321e-01
1.099235120119924219e-01
1.268940230352654797e-01
1.180292810560376743e-01
1.034674385415296216e-01
9.789431189761414742e-02
1.118354174459487843e-01
1.259633173391342675e-01
8.432050652362718668e-02
8.552175108600497400e-02
1.215182697998868078e-01
1.310858727273168656e-01
1.013641179000688564e-01
1.037352179686492210e-01
9.257653264610039845e-02
1.390553659528631358e-01
1.013707670250554721e-01
1.229367168950528388e-01
1.469757070104247831e-01
1.207597572652273354e-01
1.150867943202648902e-01
9.899153900120993832e-02
9.239102301612019119e-02
1.107012053854556921e-01
1.323569940291143832e-01
1.196521159376456866e-01
1.075057350440060677e-01
1.112421171950047222e-01
1.070325216503517918e-01
1.047925299398095589e-01
1.334109970459808059e-01
1.175204948842929059e-01
9.011418729088835344e-02
1.562424525171995648e-01
1.466607445453154690e-01
7.821776811947209196e-02
1.206983052963571668e-01
1.010755379501278306e-01
1.390099970688970787e-01
1.396692321222744171e-01
8.180101820047855354e-02
1.120500968457736335e-01
9.679232344936199162e-02
1.138685019856848502e-01
1.230605259980901006e-01
1.079021996831984465e-01
7.097815763457679394e-02
1.451517081633701967e-01
7.298269326242293187e-02
8.273257128600028376e-02
9.371615441489969389e-02
1.210293364969598773e-01
1.343172084228165253e-01
1.181364695500431161e-01
1.358967393726002726e-01
1.063121954702642702e-01
8.740886387750630704e-02
1.274794861765349840e-01
1.361287515065148501e-01
7.723763538786157512e-02
1.027019917710128710e-01
1.065315767776276179e-01
1.201799847927383924e-01
9.151025519786740170e-02
1.201268884082680177e-01
1.198101825710218699e-01
8.792492496507184341e-02
9.663392984357650761e-02
9.632724167464046250e-02
8.839912200371433104e-02
1.018034454782056064e-01
7.336866275883510702e-02
1.025940740890568248e-01
1.655731650726782467e-01
1.205335073819150810e-01
1.064790617711922349e-01
7.674819077009445434e-02
1.128977318866747348e-01
1.203156937477324329e-01
