8.879390593489540351e-02
8.719927850704647931e-02
9.135233481890119023e-02
6.671971586816002886e-02
1.169749936766894816e-01
7.452377420929531815e-02
5.124016931789456691e-02
6.723984109023313505e-02
5.833370413248910313e-02
6.253158222779528486e-02
8.595147670044489541e-02
6.053537949617293634e-02
5.722615655171141291e-02
1.028604868522825927e-01
7.648194889595780199e-02
4.169386929396816377e-02
6.181019970663030605e-02
7.648333060427518759e-02
4.720780286382227076e-02
7.399900207958567955e-02
7.841919650146991771e-02
6.683450267856660965e-02
8.783376586264182717e-02
7.049189101416852843e-02
7.880261382039781271e-02
8.084967043248525442e-02
4.769111001637569430e-02
8.400744808274469844e-02
9.601111574738921406e-02
7.875075041104270812e-02
8.525994826519711633e-02
5.813294528491279312e-02
5.435925834991246763e-02
7.847230451075752622e-02
8.844570725674405498e-02
8.798854937806936671e-02
8.606240582201081513e-02
8.954288015796088573e-02
1.043084619241182037e-01
6.438333577087931858e-02
7.908514369745230088e-02
1.067009181123001332e-01
5.244816882599143831e-02
7.429813784690375567e-02
6.523812758976151038e-02
1.059555913944328215e-01
7.603254994598115935e-02
7.339388565632823380e-02
8.296151607226764924e-02
1.055710537888391309e-01
9.756132599258300619e-02
8.723659751840347198e-02
8.293464357267273102e-02
8.955913021965988818e-02
8.914905497983245664e-02
6.587073965232499717e-02
6.530648583960388387e-02
8.996738541630548702e-02
7.581462201269348333e-02
6.771644163142183370e-02
7.792592437383105697e-02
7.472434746413622597e-02
6.764698813143346645e-02
1.049885481717580255e-01
5.399427118675539233e-02
5.765191810527457023e-02
8.130436039542965343e-02
5.823583664869500659e-02
9.747229782270958043e-02
5.356448898706631795e-02
9.337479235356416218e-02
1.088380859609276302e-01
8.890530745586130990e-02
7.593522685950500339e-02
9.276226915927258954e-02
6.936012829696558413e-02
6.920545781310868949e-02
8.290249447798522797e-02
6.761731030358175687e-02
8.287959427733315732e-02
5.898401528956438711e-02
7.760016086744472852e-02
8.325668589473045333e-02
6.524212655025563024e-02
4.721991569034693359e-02
8.246208412652422659e-02
6.368835816537318784e-02
8.658662377136139288e-02
1.110536151601015514e-01
9.052490358375257784e-02
4.649637825566248217e-02
9.545664440171866549e-02
7.954795423497355855e-02
7.888268732972840425e-02
4.678382407409298338e-02
9.073351619731259698e-02
6.138484301747670902e-02
8.499006394826738586e-02
6.474107304729233292e-02
5.827183652723207097e-02
8.771329249087238267e-02
5.550108965862732280e-02
6.146812979389639636e-02
5.946568582358709165e-02
4.528652687105894081e-02
5.338829703999221910e-02
6.180144997109968813e-02
9.759864491858176450e-02
1.002309066520077063e-01
1.265192535961212339e-01
1.021176796714738516e-01
8.339325978976015741e-02
7.041022165386079390e-02
6.867389098035880934e-02
7.144704282611810675e-02
9.709493810738448194e-02
5.907704694349311808e-02
5.783088447755328765e-02
5.713728632797752255e-02
7.277740022110781859e-02
1.420023996850309778e-01
6.006736901789640204e-02
7.547557753332079233e-02
4.522204591009690994e-02
8.185365872157079892e-02
6.208829357647376035e-02
7.225447930755191095e-02
1.031826055301441752e-01
6.127076501469772701e-02
8.064502300282376523e-02
9.468130111903512447e-02
9.853112658351767528e-02
5.597982345978933655e-02
7.347129335233945624e-02
5.930755605148074761e-02
7.743094433631854401e-02
7.948429162845935259e-02
7.727965753563659224e-02
6.027424571603871850e-02
6.419742803831400557e-02
9.175263220732776670e-02
7.077232943711134205e-02
5.396310770604499651e-02
7.733657438734400924e-02
6.880062603388659159e-02
7.158480670722629224e-02
6.394626765881164521e-02
1.044884428940613119e-01
9.754596593706037211e-02
7.507657650848124919e-02
1.121332857710769237e-01
8.754205525149034994e-02
8.303200494161891432e-02
8.913036595847004251e-02
9.623927086293149191e-02
7.001091759968887385e-02
9.767282020403759979e-02
8.801361678973160241e-02
1.023200047720546763e-01
7.011752436916607323e-02
1.037997359005222303e-01
8.365661903444165937e-02
7.422934977856446292e-02
8.500873510711506875e-02
5.166049479735283778e-02
5.096895450334073402e-02
8.608957359365081163e-02
1.047901411662622156e-01
1.020967346208951632e-01
5.868464951681493652e-02
9.431353130874171875e-02
5.573713756281813148e-02
6.216287392641761667e-02
7.801733207248459645e-02
1.400193060245296384e-01
6.004815993915868511e-02
7.184206921163523163e-02
9.111526594462326933e-02
7.072934947912086490e-02
6.670236189605664723e-02
7.436514696262856716e-02
8.927421093693888032e-02
5.550639225613622496e-02
7.032541066379424666e-02
7.565426960083118657e-02
9.469036672588411474e-02
8.958964077408833326e-02
7.955734023678436018e-02
5.964061913358999906e-02
6.534343952424934154e-02
5.019405331916064472e-02
8.443303125817969157e-02
9.582717565887802214e-02
9.667341026404248361e-02
5.732643816593221281e-02
1.012127298304940776e-01
7.619687163075780645e-02
8.459021204096013602e-02
6.864440940645658018e-02
7.963875813325353714e-02
7.183653257824976213e-02
1.095423233142394925e-01
7.349849257284382653e-02
7.118200176148885283e-02
6.442319722457554021e-02
5.565339029237643953e-02
4.524247232878517849e-02
1.020277352536862747e-01
7.219260750307718300e-02
1.003980957642707922e-01
6.242594962747429616e-02
8.304478348817412314e-02
6.530187183577676469e-02
8.021881652553378150e-02
9.714100092053239155e-02
8.270267850502781293e-02
8.011071018940792154e-02
1.095898079629068073e-01
6.310025048074623111e-02
6.405315025717048250e-02
8.569206965940327769e-02
1.127986837457078256e-01
8.715323064702326650e-02
9.077225919277413790e-02
6.072589647310813049e-02
9.225377021074862571e-02
5.245369570695627981e-02
2.590268726122073664e-02
9.818067560809569383e-02
7.314898987372731032e-02
1.086141668672491178e-01
7.187784639660196873e-02
7.848066191654512469e-02
9.326643622662704469e-02
4.532257601776652767e-02
9.976958700029676941e-02
7.073362515051764832e-02
8.203320716101078491e-02
1.027312863929535636e-01
5.013682370587364823e-02
7.645528624195316314e-02
9.481865418300894355e-02
7.041280377160412385e-02
6.484065518113946158e-02
6.889357568786280694e-02
1.110935692492385912e-01
6.094791043558871191e-02
6.081653500223567488e-02
8.389959112683313680e-02
9.246053558354576374e-02
6.673369913064017278e-02
7.374007782685172707e-02
9.560398258800155424e-02
1.044933857451454395e-01
7.466574521008166598e-02
7.654494249456174348e-02
5.247399754935026805e-02
6.413455885338573137e-02
9.578089307566939326e-02
8.559362043682947063e-02
7.183598656926067083e-02
8.526597212261051439e-02
7.948411504653737913e-02
8.754049157675165838e-02
3.834489667557614695e-02
1.321924812349385414e-01
8.229685122288239729e-02
8.302020454705902330e-02
5.123872995314417839e-02
8.102258625874454723e-02
9.572263132355887660e-02
8.149429109905248492e-02
1.005981348571807626e-01
6.842459562860685185e-02
7.180029251259227585e-02
4.691963016120095226e-02
7.344575723162385938e-02
5.917990053841306469e-02
8.017434891748394243e-02
9.536926855353715371e-02
5.176678663137088826e-02
5.067069804738368738e-02
4.715784112868796896e-02
8.404499366718547193e-02
7.543287930920819506e-02
6.270768053177730450e-02
5.909156041552376948e-02
9.520516323236091760e-02
8.895240965684562962e-02
1.022725464830130243e-01
9.228441205928814006e-02
5.680523785370974327e-02
6.124043795355414016e-02
7.441930890621469008e-02
6.024937132572816267e-02
8.036105448091898640e-02
1.159852874211666496e-01
6.670978678413774787e-02
8.670353453524652643e-02
7.137938340013241789e-02
8.767697183875988731e-02
8.150157482913936158e-02
5.073144455796330110e-02
9.061474497323789012e-02
6.331240996478570970e-02
1.098983320782326301e-01
1.269869313148867529e-01
7.661796110039850727e-02
6.227229706029944328e-02
9.185209526315851747e-02
6.425709175010896335e-02
9.723512692757019238e-02
7.726612930181438188e-02
6.641145164174644400e-02
7.846905118552094383e-02
8.753050256438676957e-02
8.173097575341789489e-02
8.370759942003642984e-02
7.814372684366314992e-02
8.400754307194344128e-02
8.493951897560961251e-02
7.320723291710787284e-02
5.059303815949036526e-02
6.731964381463240166e-02
1.183540213685006365e-01
7.527790396606756640e-02
5.184234789780182290e-02
7.275818985370297032e-02
6.470513106543747395e-02
6.777121185691514782e-02
1.101470892648390432e-01
1.070997424658204356e-01
7.362714629273506284e-02
1.370177457774033603e-01
6.599634098540227423e-02
8.826763115200012000e-02
7.204703766445660906e-02
4.479639264297698847e-02
7.469483547548658176e-02
7.980522986884161507e-02
6.872827188557625866e-02
4.764495178273229353e-02
5.333439555164283530e-02
1.182327108273300703e-01
7.810987091355807432e-02
7.922901108743722609e-02
5.806780666825095416e-02
8.013161474102163673e-02
8.444896084541068937e-02
7.712144759554655227e-02
9.000014816222808023e-02
8.833021244418484685e-02
8.882788489628121176e-02
6.647956373429760035e-02
5.226945851218853939e-02
8.471753870715836854e-02
5.425206424486710144e-02
1.018560581073774535e-01
8.383572395572098934e-02
7.389824473952688599e-02
9.194700729698646047e-02
9.132788055769651414e-02
8.796874060412807061e-02
8.103580100552018606e-02
7.993551490021608141e-02
7.847659328971386128e-02
8.850414579112284019e-02
5.693048722076092527e-02
1.186234454958751544e-01
6.331498522684075869e-02
8.007407040308753277e-02
9.674872679353083149e-02
1.077728993483526299e-01
8.053155183494994929e-02
6.776102439566009106e-02
5.447582536611510207e-02
7.850560685822875751e-02
9.657937687358457424e-02
6.313141702642284525e-02
1.028136596334681963e-01
7.942969994792555000e-02
1.294316367077585350e-01
1.058345942553827052e-01
7.165598658687873102e-02
5.916659509406232281e-02
7.618378326592181726e-02
6.700942657640729383e-02
1.069484358393893580e-01
6.352380459174764016e-02
8.636876470885246349e-02
8.988131926389808513e-02
1.202812710406908903e-01
8.252255938078230380e-02
6.964272101954302463e-02
8.553809763403823208e-02
6.815053782682604921e-02
7.604983208041982135e-02
7.735586169156698222e-02
4.856552215874647416e-02
4.361159348246120004e-02
1.024973217922672264e-01
8.747930765505144979e-02
8.781127694369987580e-02
7.348490273065824696e-02
6.122151248515513011e-02
9.832682585813215526e-02
8.777911269293885155e-02
7.469909973113750268e-02
9.390490162618611580e-02
9.096297668163658146e-02
6.368302150600883837e-02
7.948345529330731740e-02
7.040412077876738450e-02
7.718347303452481600e-02
9.071351288902869403e-02
7.308547857957758964e-02
8.342470933210759110e-02
1.041060810382844065e-01
8.408758772068739007e-02
9.325186616878629320e-02
8.282803945808783763e-02
9.164769843705347641e-02
9.149850889276625598e-02
9.196835179924098269e-02
8.425597471446329145e-02
8.059683105207786358e-02
6.340681993986700682e-02
8.165163495722638221e-02
7.099820246570431870e-02
8.237783285875788231e-02
5.645978649740044514e-02
9.618409706396410797e-02
8.822870126940907110e-02
6.733617368769721778e-02
1.171859264570343645e-01
1.222931856574188958e-01
7.953749014824315622e-02
1.184741001695162332e-01
7.645634428644890179e-02
3.948510495977164414e-02
7.377277711947909100e-02
9.191979758918718268e-02
9.429719587493996802e-02
6.543766486433980067e-02
1.012473894181596668e-01
4.066414248732737324e-02
6.882489174598142856e-02
8.282979109579971522e-02
7.573224002874068272e-02
5.386003383233761710e-02
6.661433401292041201e-02
1.077434070253465992e-01
5.907829176710064495e-02
1.222700232859026820e-01
1.134667244455195706e-01
8.691939710876983582e-02
5.898907033399891642e-02
6.631712852806748160e-02
8.614649310496839962e-02
8.797755823278630150e-02
6.110344537486780275e-02
9.916963554433373684e-02
7.637923642780335143e-02
5.222265057380526265e-02
1.202884710795436990e-01
9.924312018823382153e-02
7.875810403211266908e-02
6.522537933758340567e-02
6.575399784229489508e-02
1.069817620897774713e-01
9.330558711397236860e-02
9.006986307159996208e-02
5.867901105190140992e-02
8.635819779761282067e-02
5.733108917473637295e-02
9.303820028230005978e-02
1.115310755106905249e-01
1.008390114031970236e-01
9.570068533466891125e-02
7.167605001442800550e-02
9.681025724567726698e-02
9.195730999546233853e-02
1.030540170878666562e-01
7.587225947994317987e-02
8.505849075577284757e-02
7.748051086532345422e-02
9.027035997688519220e-02
9.195991124951596873e-02
1.025590923361651141e-01
6.118037573708232785e-02
7.196679686333491699e-02
6.683378483182247920e-02
8.847405735255955972e-02
5.315016324270893655e-02
8.805342410029966260e-02
6.050225807570308589e-02
5.150697228117100124e-02
8.202811979969559797e-02
6.262703965777612070e-02
7.416791107063964994e-02
6.837304994369168554e-02
6.916281391271619783e-02
6.239157600593436825e-02
5.952452008959299018e-02
7.949083650954262559e-02
6.710945933676501496e-02
6.787969141556945973e-02
8.255690416249306107e-02
8.043267728500150260e-02
4.796496665760827810e-02
9.085713867071398830e-02
7.037901750502577325e-02
5.334464749811618223e-02
9.093557412593367140e-02
6.173643809624187323e-02
9.303126164130873232e-02
6.945882826908526819e-02
7.966441677102446828e-02
7.131897011825334698e-02
7.528192205682684990e-02
7.797803099153843842e-02
8.165433524991146108e-02
1.008750479005180029e-01
6.836780394158878393e-02
8.093977611023013552e-02
7.546027816996858650e-02
9.335603927811002289e-02
7.455680685386419093e-02
6.679358058105396012e-02
6.363035904016753341e-02
1.116240973156808203e-01
5.904814675473670643e-02
9.209148555131144165e-02
1.278269804931076725e-01
7.269783022306179621e-02
1.160558938191159628e-01
6.530163705447089573e-02
8.779358881606395826e-02
6.303810813615015607e-02
8.914262471874800919e-02
7.172015165938179504e-02
8.822671076891755448e-02
7.985121368884491588e-02
8.662759516564418061e-02
8.983263876992078623e-02
9.063784273322925134e-02
6.963174638795058269e-02
8.188169085679268544e-02
1.213779746484883876e-01
8.072351701454601181e-02
9.642299994603938107e-02
5.521924462457594718e-02
7.972385253631923685e-02
6.147495725739946654e-02
7.514007414633747106e-02
8.456563681157103218e-02
7.317030811191042872e-02
8.052112641719502695e-02
7.898478602660967407e-02
7.510133047183362165e-02
6.895660868215605643e-02
7.715195201476612863e-02
7.217313121564276901e-02
1.139625669365374738e-01
8.234943223512029842e-02
5.660460729065654867e-02
1.353147833168226732e-01
6.599050247006318926e-02
6.941881399116853202e-02
6.551247636314443124e-02
7.626625603393859254e-02
1.058702667779624906e-01
9.469259623369885581e-02
6.595972896862453694e-02
4.858380362987475831e-02
8.664163590298741557e-02
9.149005879500034244e-02
9.043690679401986121e-02
7.910307939511862507e-02
8.586093198182291608e-02
9.864341922779407135e-02
6.810644997565742931e-02
3.896230621012981843e-02
5.471643062012825076e-02
4.723654749220414228e-02
7.399108014946562117e-02
8.507127006956616277e-02
6.643632246284987553e-02
7.239519638378370814e-02
7.317712876029514035e-02
7.319617316499922588e-02
7.524205010517141801e-02
9.032406227628828055e-02
7.531796601545696912e-02
7.802368558536224019e-02
5.990116888746441909e-02
4.652997599807586621e-02
8.780544876147151900e-02
8.607511802402927070e-02
8.797544175697422086e-02
8.465050574674778949e-02
6.452876581382745169e-02
5.229706412755386058e-02
8.738482674409439599e-02
4.896199840623811916e-02
9.992409419025571893e-02
7.761643789619432354e-02
7.366510468752611451e-02
1.118555837615052423e-01
8.490803988351733333e-02
6.590441191864548909e-02
8.075162215692807677e-02
9.450340440312292312e-02
5.641567608227664177e-02
7.131738363179651596e-02
9.838805323782165435e-02
6.563175135378196412e-02
6.166188467738793755e-02
4.557200477840979425e-02
8.162442431536331977e-02
7.354324097274896055e-02
3.281927631413887603e-02
5.213307738022985444e-02
5.592982818755944802e-02
1.363216858586578928e-01
1.054045216542231350e-01
1.016907525572331439e-01
7.286267056947452747e-02
7.453247247680876153e-02
8.606010517247333902e-02
7.417770340292140219e-02
1.115055814412006241e-01
1.259996770232643670e-01
6.756928550863143534e-02
1.035396349115269982e-01
8.467204364786425075e-02
6.789984705982418656e-02
6.838959680657208384e-02
8.017429652723292999e-02
1.055150990209330758e-01
8.943896759010824815e-02
7.346869244396343757e-02
4.980408421344748732e-02
7.088845435966610598e-02
1.113838829031707223e-01
6.325876947283806673e-02
6.434992517197490880e-02
1.041511836282733999e-01
6.123222423610071019e-02
7.748457045658330156e-02
1.152728788989945408e-01
7.026917059433505919e-02
9.343246057510197489e-02
9.834038742496079011e-02
8.454659314702550610e-02
8.033401734421977136e-02
6.924844174465952240e-02
8.302299887395321598e-02
1.193624088800517846e-01
6.897451202267175507e-02
8.249735922779688480e-02
7.555532936831825530e-02
9.881773069491450734e-02
8.318268323898311833e-02
7.892124732047663127e-02
8.232982725273767233e-02
9.146208701464227098e-02
8.067911067720638651e-02
7.963473428576406388e-02
6.814886199670318334e-02
6.934018945649074450e-02
7.567966026271191748e-02
1.047012588894212781e-01
9.529238038483803241e-02
6.704418984552477923e-02
5.284339846585968392e-02
4.866803137193569107e-02
6.796158808171774701e-02
5.014666381285644292e-02
8.089006174243355829e-02
7.606443173552342174e-02
1.006761979983046007e-01
5.459665579159660165e-02
7.654380788151830817e-02
7.946319855236760876e-02
5.901050847293860813e-02
9.046776175456719415e-02
7.825068953111066761e-02
1.005695055846631131e-01
6.334582576511252339e-02
9.265487177372692951e-02
1.166824528355075996e-01
8.775526894525884081e-02
8.970470663039040171e-02
9.162857482934361197e-02
9.396775020974301729e-02
7.186330191814478685e-02
7.395628895622829990e-02
7.051594192027452190e-02
5.755293496733735609e-02
9.970587567101614479e-02
8.159511441497835360e-02
5.471162502850159676e-02
8.009864142613658256e-02
5.869269138083588189e-02
8.492054056688651265e-02
8.454820933759363277e-02
1.118047314771804246e-01
7.447077159715491390e-02
8.974316502590762301e-02
9.740223804378222994e-02
4.636527922766029569e-02
1.370482346181949584e-01
6.103699934473481165e-02
1.120756940778440541e-01
8.405977329602989934e-02
1.147419163874676407e-01
6.757424110374303516e-02
8.841815874081744575e-02
9.736630516437023986e-02
6.841198489955779838e-02
7.020368932916876137e-02
8.190073068646826215e-02
9.737367454187080551e-02
7.130318081683614806e-02
8.961192162601225308e-02
6.897208838204360593e-02
7.260866885415366567e-02
5.564410251965658943e-02
5.908414284018385920e-02
9.328536219906317928e-02
1.150346660642133090e-01
8.622797779476050473e-02
1.017470985472780087e-01
1.089163115048144004e-01
9.468644665433208207e-02
7.461433184893451198e-02
6.550574443777990030e-02
1.475809634213744448e-01
8.257627368610429008e-02
7.425490144881766175e-02
6.974695722307497348e-02
8.171275507676581396e-02
1.032629045025466458e-01
8.074427769658831799e-02
6.594792911930480450e-02
9.398476202959608894e-02
8.099577918343900396e-02
6.215880190398304084e-02
7.994390144595538150e-02
7.236509808119170883e-02
8.316925653907787652e-02
6.612109600502191764e-02
7.890903248118923130e-02
8.503226217501921869e-02
6.964793845459119059e-02
6.124911692919188244e-02
1.123567704636778963e-01
7.052831644964044355e-02
7.251405179712319682e-02
6.872019375527864404e-02
5.182934376035350926e-02
1.021196499334600105e-01
1.088246604864548661e-01
8.156559899579818307e-02
6.504242190381881450e-02
8.055539452564926262e-02
6.792517772157413702e-02
1.028429006492950493e-01
9.533280083520404014e-02
9.031124636449619492e-02
7.790303436864061404e-02
5.539783209397473179e-02
8.872728301032414833e-02
5.271522590658390961e-02
9.226619616553573267e-02
8.963860269072598808e-02
4.620143198180901717e-02
7.728618279122516366e-02
7.260714981341583052e-02
6.324694969872315942e-02
7.851421379451446747e-02
6.105424192151129997e-02
9.798452549659941724e-02
6.877272121285962769e-02
6.600769086701777089e-02
8.821542970847535969e-02
7.212151669657303199e-02
1.045343106294051305e-01
8.574469404606419043e-02
8.623512079030423716e-02
7.248285159746188644e-02
6.922862760526186932e-02
8.424411277855976821e-02
9.177590841356561557e-02
8.851069250726839588e-02
9.372940111661273721e-02
7.639523536405956605e-02
8.220785558827596595e-02
7.670423667898822184e-02
5.808374893025005509e-02
6.150274695449509110e-02
5.857241440914826708e-02
6.933779373161064186e-02
5.633423582993586642e-02
7.579669912514863661e-02
6.170194076858250692e-02
7.053169150668914256e-02
6.988569184684342850e-02
5.814072121551920602e-02
6.268404548231101825e-02
1.041257934857816175e-01
7.653565739966342041e-02
6.599455912785634482e-02
8.684392854862643674e-02
7.952380629792651923e-02
9.306442115159571649e-02
6.914963102362184366e-02
9.493697306058124230e-02
1.186278877387225428e-01
7.305702154078345945e-02
9.669532969655039722e-02
6.410812368105286985e-02
7.126196977944806998e-02
9.534654425267172217e-02
6.618211884512428811e-02
9.028431248066078052e-02
8.350657229394231607e-02
8.205362855945574907e-02
1.054488247768479575e-01
6.333089451719578489e-02
7.922654896715622397e-02
8.231534444734234235e-02
6.125323389494193027e-02
1.006061181707463559e-01
6.121086284685630513e-02
7.128104785847907965e-02
6.374335794652674636e-02
6.297810137707648970e-02
4.935716195482564572e-02
9.764842137391305243e-02
9.986790338848323956e-02
6.601682390443124049e-02
6.949280494034022759e-02
6.920169977148853124e-02
7.763381894336303379e-02
6.602036584285490839e-02
6.976726348685138857e-02
6.747659698098969205e-02
8.070415042775076764e-02
9.976023614374078530e-02
8.783600298943088081e-02
5.938657869576100673e-02
8.664006761085314701e-02
6.643368639041820345e-02
9.147269688077341865e-02
6.749815325436255009e-02
5.905445236925042224e-02
8.584305964373120656e-02
9.554887573477055529e-02
8.773255921338596330e-02
5.429861776644653165e-02
7.898803967297773898e-02
8.410609699366713987e-02
8.362093369838075052e-02
7.703219447156250954e-02
8.103758158854142135e-02
5.810053107491615354e-02
5.887645513935273189e-02
9.411118143442935569e-02
6.153803422498298203e-02
8.248142760145885100e-02
6.255656415393151537e-02
7.813647270349013962e-02
1.129615732039381398e-01
1.010741318632937674e-01
6.880778980783960885e-02
5.036387115133342945e-02
5.870128860360881301e-02
6.454763357038120763e-02
6.605668283207796754e-02
1.066778191070360676e-01
7.459322904725582126e-02
8.860931828582585545e-02
1.070459964135020148e-01
1.213502259255831994e-01
8.648670816060766153e-02
2.908522472116525925e-02
6.912672940614680850e-02
5.493368527410165403e-02
7.479833947101521829e-02
9.612139136018189867e-02
6.842559201670435354e-02
1.013307415916586685e-01
6.732285325784263808e-02
6.873026286161547371e-02
5.684888195673467454e-02
6.728862903432164533e-02
1.111751861934070912e-01
5.704906369731053278e-02
7.090845770793416381e-02
1.113668791772127742e-01
8.112592311115859878e-02
7.145487160845165331e-02
9.930517075337555455e-02
8.417349988435454677e-02
4.412515739992004665e-02
5.137568365141322729e-02
1.145840930673700520e-01
7.973904525337208171e-02
7.707298253895551732e-02
7.865921199707340272e-02
1.017940411472296469e-01
9.594139919440865250e-02
5.864217438170717805e-02
7.344487773562977107e-02
8.749158597963295481e-02
4.961122708392260577e-02
9.133517795629417235e-02
5.117181966033534923e-02
7.165272470897228463e-02
7.266187135610482906e-02
6.406789470530456498e-02
7.569158527313331331e-02
8.733962155826595353e-02
7.433004145697985621e-02
4.004792168533155561e-02
1.131574628933845056e-01
8.972877997139169781e-02
7.808664056088418515e-02
5.031651865204141150e-02
1.048105836808251173e-01
6.880799218901541281e-02
6.257626877099864426e-02
8.990786786438134670e-02
7.446236336783666754e-02
8.054350828140215135e-02
8.138659201615019989e-02
1.007833420039857958e-01
5.731373107316244109e-02
8.043639836925509101e-02
6.333995506760659033e-02
9.353585717752459228e-02
5.604132589412460369e-02
1.175498471879113938e-01
9.514448383326812309e-02
5.704618630138291735e-02
9.786382886801478498e-02
7.212832590836995572e-02
1.041349645043904149e-01
8.338932199088362751e-02
7.198699527344487592e-02
7.402854924369192680e-02
5.052931876007955847e-02
1.161540471022119575e-01
7.401108332084697927e-02
5.957013528342915837e-02
1.139353698264362891e-01
7.240720938572949017e-02
8.613261668097060841e-02
6.686686426403309902e-02
9.042809042962193788e-02
1.079699031392122172e-01
8.841811842743507732e-02
9.832864246693640009e-02
6.876623182078563101e-02
5.012221518506374679e-02
9.223916334268297823e-02
5.274029296508349340e-02
7.368239056937393727e-02
1.290428627464943467e-01
7.803785794533861508e-02
8.289897184948280540e-02
4.117019649880162419e-02
6.119858184614810487e-02
6.332137020930035665e-02
7.620586574975622696e-02
6.147542657100364683e-02
1.074271040072013045e-01
8.770263149436870187e-02
8.395355229375256467e-02
8.364701531638815690e-02
5.946809959124945560e-02
6.522478913900593700e-02
7.972205362963107056e-02
9.991887722028232333e-02
8.891932320773772436e-02
6.925767679932311183e-02
6.283352609311121384e-02
9.882917569700711002e-02
4.208518859608343515e-02
7.137696590625827731e-02
1.145140219101453416e-01
1.004823624514642466e-01
8.910296208136825324e-02
7.568145484578929494e-02
6.880218499443768732e-02
9.855898345557345674e-02
8.953383107468777802e-02
7.727533854673189484e-02
