9.486985106750751851e-02
9.336349259282854252e-02
9.201718314484956529e-02
9.530021320739548440e-02
1.076564506189142262e-01
9.822401097924685076e-02
9.245329851367016516e-02
1.413179432226827070e-01
1.178584455373038742e-01
1.637205543932490071e-01
1.284786661438789834e-01
1.260651481721620226e-01
1.312221239760398839e-01
1.018077824338838588e-01
1.225071827049303563e-01
9.271564245430548301e-02
9.421711297566204291e-02
1.199069973544844014e-01
1.297573223464373038e-01
1.612222823351943390e-01
1.181312301628598405e-01
9.119238605019786004e-02
1.572284983899237820e-01
1.533281827484921644e-01
1.065179874449061481e-01
1.381893719749109073e-01
1.178804734862642228e-01
1.059668093412719780e-01
1.189382459875878151e-01
1.042983737204264266e-01
1.364744322500982265e-01
1.008826135817557229e-01
1.392504026521630967e-01
1.491203337713008781e-01
1.119931599598769090e-01
1.143162492521344609e-01
1.123415475741546266e-01
9.855536198505436551e-02
1.148688285699688977e-01
1.169614227972845394e-01
1.290160986415868904e-01
1.442644645016144256e-01
1.051414427928960282e-01
1.044013417533062871e-01
7.712939831628795595e-02
1.215505799548032562e-01
1.390776175549078286e-01
1.049228196246310141e-01
1.272975502951034232e-01
1.108212139875605073e-01
1.257608248040793519e-01
1.240650396233627661e-01
8.856066450031863102e-02
9.033073805121201449e-02
8.667540993076350286e-02
1.173438640335349864e-01
9.316329159348672728e-02
1.114679353590845717e-01
1.228108450915080113e-01
8.311353405521446081e-02
1.022407672384415128e-01
1.082677934188336077e-01
1.373913715247761791e-01
1.313418678124058103e-01
1.220831233863468313e-01
1.006626557682851475e-01
1.348231970603064322e-01
1.209396506238201302e-01
1.304273067506468708e-01
9.320317286345410068e-02
9.107412992936143870e-02
8.766470930986705601e-02
1.178219713018795051e-01
1.530486094842288258e-01
1.495164699801376507e-01
1.187354541228375221e-01
9.498239037864324164e-02
1.159160274128510359e-01
1.236643413464134228e-01
1.315277822138175290e-01
1.052018297142681413e-01
1.177360510754132672e-01
9.409633499565724091e-02
8.408645971292291743e-02
6.899491810504079781e-02
1.320529495841340772e-01
1.415718452479041711e-01
7.517127626508379734e-02
1.334356142749833218e-01
9.171308313454969163e-02
1.001663590794032721e-01
9.871128861789164877e-02
1.013747074290802103e-01
1.088786795776611471e-01
1.061677117669925507e-01
8.215640326618867118e-02
1.014741848886187292e-01
1.520832288284002798e-01
1.313413168836370937e-01
9.835511382108544365e-02
1.663373915679917103e-01
1.113279900742378120e-01
1.558749218230214839e-01
1.104133121914576687e-01
1.102634533366288749e-01
1.128319539033618424e-01
1.127703027312672024e-01
1.044318701929361354e-01
8.039805741964431429e-02
1.000717511398256515e-01
1.040935768732875744e-01
9.052308824530538867e-02
1.388466051262904621e-01
1.085887099854925680e-01
1.302268649267206424e-01
1.779582627970091591e-01
1.033123888837238769e-01
1.072925085278632062e-01
9.178690967408001389e-02
1.368084769570845904e-01
9.422044883701219398e-02
1.233412816096023379e-01
1.358343540980238573e-01
1.133387405917869739e-01
9.705194390531793336e-02
1.474136684798551533e-01
9.673777472152345069e-02
7.361633387048908961e-02
1.093111250065023354e-01
1.176583132984748009e-01
1.119253697292808686e-01
1.216613847406237542e-01
1.452897329570019547e-01
1.100036750913685191e-01
1.011836469460891674e-01
9.423896220926637757e-02
1.259767273337581983e-01
1.415990355620707353e-01
1.054934109475086090e-01
8.672141269009396580e-02
1.472677671425577928e-01
9.120160362764664908e-02
8.665109549887879681e-02
9.595635943314842486e-02
1.240010094103443511e-01
1.322065524112567558e-01
9.560459072853304263e-02
9.456037533292087349e-02
6.382082385897039356e-02
9.138861073092301168e-02
1.509137572680947781e-01
8.341988631304579627e-02
6.637617479062700443e-02
8.549009741227844850e-02
9.936527114647530912e-02
1.296062648899594660e-01
1.335044024880444324e-01
1.051921185904896444e-01
1.283474826223234000e-01
1.095639351287566593e-01
1.646606509886264225e-01
1.378312902642640503e-01
1.398062965495249221e-01
1.081876235970808259e-01
1.246646042674760951e-01
1.407562565798896048e-01
8.333528709040771698e-02
1.039015566556160258e-01
1.275190938916633820e-01
1.353846208180531918e-01
9.373546130717018421e-02
1.130847642063415731e-01
1.151183607818291044e-01
1.371896271619799657e-01
1.263486051010596634e-01
9.986773371742219130e-02
1.455023409473082396e-01
1.123584653500822317e-01
1.406196850538257714e-01
1.086161385696324116e-01
9.171955133474225808e-02
9.302258977781477367e-02
1.284477142983934950e-01
1.355566595314139366e-01
1.271993506130342511e-01
1.262060874753569428e-01
1.348446658026986600e-01
1.161189022183725800e-01
1.256732342959414883e-01
1.032430365816486006e-01
1.163560979738121615e-01
1.096871740111619864e-01
1.014625761194773157e-01
7.971799912014623790e-02
1.499539336126798350e-01
1.174700762485111349e-01
1.058061302537198767e-01
1.224335683274458686e-01
1.390082501155983086e-01
1.336127811691598388e-01
1.517169210293518589e-01
1.113411321420732236e-01
1.200263801359832544e-01
1.186323448248187418e-01
1.129671968609456123e-01
1.164260329240965480e-01
1.122417665818382371e-01
1.130646955659673630e-01
1.326882007368077598e-01
1.296329326364266954e-01
1.706598334281719531e-01
8.424784558683581781e-02
1.079249198620582523e-01
1.404193805319647881e-01
1.169196437334171501e-01
1.022722209630238660e-01
1.353068113515636661e-01
9.893599581815926136e-02
1.047269523063325547e-01
7.149908641873096993e-02
1.346795300915170635e-01
1.614843306493955466e-01
1.132291204173710292e-01
1.271748874870677892e-01
1.188254543001065616e-01
1.319800188134695185e-01
9.625092860624220870e-02
1.372881885652929568e-01
7.458368597975947867e-02
1.047023232346439847e-01
1.203407548817247291e-01
7.026016451869895874e-02
9.967536933797176146e-02
9.611891135834801925e-02
1.524646556673202591e-01
1.153473725777724584e-01
7.594010334631584591e-02
7.720520967023321302e-02
1.392265615068539186e-01
1.192120450202136250e-01
1.021125473307513409e-01
1.366105282342874871e-01
1.222333685016511878e-01
1.068609715411699829e-01
1.570227455751466161e-01
1.359103354043264267e-01
1.408908527947491385e-01
1.078740338199062343e-01
1.289328780299682509e-01
1.236556476830573265e-01
9.567580615427459523e-02
9.873029407777267341e-02
1.585885621537731771e-01
1.014749056338820343e-01
1.124347586926451870e-01
1.645349711942858950e-01
1.515187128903391078e-01
1.019104141389951257e-01
1.275228601317663635e-01
1.380305825028896594e-01
1.175880044481600051e-01
1.284422530792339034e-01
1.128581450232853944e-01
1.263820438068149477e-01
9.854422376770879954e-02
1.068496009694391430e-01
1.208587045566767298e-01
1.229529303224364128e-01
8.626190355372201357e-02
1.163138913937481894e-01
1.046543042246267791e-01
1.200329076693666258e-01
8.377573024651789602e-02
8.000247802461009361e-02
1.043621531378831763e-01
1.186710801251477376e-01
1.227849261690073801e-01
1.395980240719935928e-01
1.060614571867476846e-01
9.949247023780931343e-02
1.515922264355714644e-01
8.797337625199812272e-02
1.247588443344768983e-01
1.227613866372343210e-01
8.171048387413359926e-02
9.385767959263990878e-02
1.072038894596416270e-01
9.713627512989556068e-02
1.315734333650562804e-01
1.099429262882093417e-01
8.947394551114920547e-02
1.218130959021792858e-01
1.260666546326677240e-01
1.213487521344798620e-01
1.087949922273981074e-01
1.016785044748384353e-01
9.971704934608224824e-02
7.994352970815396531e-02
1.124242233781753281e-01
1.189817068026714636e-01
1.352837416129861192e-01
1.657552998870378824e-01
1.285501266726048197e-01
1.327329301162519237e-01
1.215341527716444769e-01
6.959481382461674137e-02
1.226159854593455584e-01
8.170596602080384963e-02
1.238859681464298534e-01
1.618324963954884121e-01
8.242517042982530628e-02
1.639275510663581736e-01
1.359391690741726388e-01
1.050426478766975230e-01
1.609073538501226142e-01
1.175226771283752331e-01
1.109717921146088776e-01
1.431900176375733857e-01
1.508083545822191118e-01
8.059318093342113243e-02
1.032174531650286164e-01
8.622479898101789719e-02
1.220093201675108291e-01
1.263402031620225185e-01
8.310063272653493704e-02
1.046562773840229166e-01
7.504698879497076480e-02
8.714945625246817151e-02
8.741058937934820250e-02
1.028418999882983603e-01
9.873184275911614516e-02
1.212571013684420745e-01
1.134971113000255299e-01
1.122286808696418142e-01
1.189598678668193632e-01
1.173763786693412109e-01
1.311306731356671473e-01
1.412496723566197265e-01
1.137713811530951247e-01
9.117342671660622067e-02
1.080387708629438476e-01
1.070227360074766654e-01
1.440739363868896450e-01
1.024195904244719901e-01
1.392020714433052364e-01
1.297979382233234724e-01
9.455414740453586819e-02
1.568257353126571163e-01
6.637582948183270992e-02
9.863222834064673539e-02
8.906435421634661953e-02
8.595383771021325447e-02
1.497996953538980880e-01
1.340452012208567800e-01
1.118145625790071679e-01
7.229759338673322211e-02
1.364340847978526838e-01
1.277981616391447861e-01
7.212724301795495063e-02
1.341779494593968169e-01
1.211765388803008048e-01
7.598106804576529316e-02
1.057360696376746789e-01
1.499801355187487806e-01
1.074237250576713654e-01
7.920515639589982559e-02
1.221279762145184022e-01
1.351941862588587617e-01
7.741981119198911021e-02
1.216457838341424846e-01
1.398700044532993625e-01
9.889491877619076277e-02
1.160091305624945945e-01
7.290510901854714565e-02
9.943637715197417570e-02
1.194217892110793350e-01
1.492551970063971944e-01
1.214631732104387574e-01
8.960037495161318755e-02
1.400869513185709070e-01
1.058105679626701462e-01
1.012562943690052120e-01
9.745633982229236214e-02
1.018403522466554689e-01
9.640760196915725000e-02
8.142862842010660518e-02
1.109960047947381456e-01
1.383475506364812146e-01
8.551081299634769040e-02
1.329339282627866603e-01
1.359850444547479886e-01
1.326712513693140971e-01
1.298146256448052260e-01
1.263710201437812652e-01
1.146151346763459034e-01
1.211159971473178693e-01
1.229947735941688131e-01
8.633013910408000868e-02
8.677825009543231605e-02
1.030440581409611395e-01
7.534294552896703134e-02
1.388156544218979993e-01
1.291092182924791776e-01
1.362735454358892651e-01
1.160668075540031985e-01
9.119761466171975861e-02
9.512621689462755215e-02
1.733000229925737712e-01
7.643183799520884836e-02
9.853632604252375582e-02
9.880212075119099158e-02
9.098229564353992049e-02
1.509389697392341800e-01
1.578015751398963162e-01
1.179379940598709042e-01
1.073304732632899966e-01
1.128708030307196963e-01
1.123171754969886083e-01
1.169844631856735984e-01
1.492600899381217039e-01
8.665323032841953932e-02
1.044097030203878368e-01
1.269006036797761527e-01
1.482587053684758793e-01
1.059487319487570495e-01
9.130678799720662320e-02
1.478646589826621838e-01
1.054671264534036978e-01
1.247618709562138273e-01
1.232278698476621803e-01
6.530816833796207477e-02
1.190293460706268042e-01
9.427497531013288856e-02
1.263969728512413515e-01
1.405630419756602190e-01
1.164138137078028767e-01
8.721394231576554135e-02
9.368742189931714148e-02
1.564176243735186933e-01
9.788413496862033436e-02
1.000891335855269848e-01
1.247863819188746171e-01
1.022769549661250998e-01
1.110824200160642483e-01
1.698636959480784303e-01
1.305705245200341202e-01
9.928721540909066223e-02
1.407792925789160265e-01
1.132407542752073004e-01
9.215706130438301724e-02
7.402935928164022794e-02
9.846912461582597864e-02
1.082848272452452687e-01
9.106506192149958767e-02
8.575581518845584728e-02
1.030392856997017076e-01
1.102683155593521258e-01
8.079106790184564790e-02
1.159930184785613327e-01
1.176122877298466651e-01
1.314921680674289162e-01
1.200420216714836175e-01
1.341544236729023953e-01
1.371075181766750195e-01
5.246740102715152787e-02
9.825690306074026659e-02
1.285341010301203624e-01
1.119409006520112326e-01
1.188527533504888656e-01
1.017163145854765444e-01
9.138078445507324954e-02
1.094165416188158380e-01
1.373820299541005097e-01
8.139898894465642798e-02
1.342012249763319398e-01
1.226178272054709167e-01
1.044834005525924203e-01
1.138792023163393702e-01
1.240202693144718121e-01
1.224682114141506933e-01
1.393955537096835118e-01
7.576481805925996960e-02
8.778506154321041866e-02
1.265109877682898121e-01
7.309666123773077284e-02
1.023875477950496604e-01
8.393674303544385040e-02
1.149763607573657531e-01
1.448908439140986493e-01
9.840097152298976635e-02
7.968746714767319106e-02
7.101876105409403450e-02
1.293950396397250124e-01
1.062200582572662977e-01
1.444685483293663142e-01
1.299501052890597586e-01
8.725821351672036208e-02
1.256285493990490776e-01
1.278045666001063896e-01
1.161025076616389456e-01
1.064867118137460544e-01
1.104930017944212584e-01
1.313574484106309059e-01
1.000517390132525108e-01
1.242642010596759911e-01
8.991205879529080847e-02
1.167197188658728457e-01
9.408991669048025197e-02
9.621370320638381046e-02
1.088719394854031908e-01
1.062847621165790013e-01
1.603252080973424365e-01
1.046403055770968732e-01
1.340196095224532868e-01
8.920461831918842510e-02
1.311948816087840641e-01
1.098954796103235598e-01
1.337009161638096633e-01
1.044943528749547046e-01
1.010435489770637740e-01
1.280335874326848644e-01
1.409365707944997270e-01
1.186250170264075698e-01
1.072665392863860062e-01
1.240238326558808224e-01
8.356255599203932238e-02
1.331077245188014291e-01
1.389527516650372052e-01
1.377929448496042764e-01
7.189118705790153996e-02
1.064295064167685850e-01
9.568683038499836702e-02
1.054251294145114315e-01
2.005637085876204040e-01
1.073543258018655189e-01
1.061179216895549865e-01
9.617862063128024275e-02
8.655349668651630968e-02
1.313449475421680779e-01
9.308300420040591105e-02
1.174540590007325802e-01
1.437181715302301710e-01
1.094515866400347648e-01
8.639927689162300861e-02
7.666348627128294346e-02
1.139704454412112378e-01
1.140516272588440738e-01
1.305621461870229982e-01
1.124311601397991051e-01
1.423003750249375865e-01
9.793243483395745741e-02
1.118719827626910579e-01
1.171836925124776912e-01
7.784285917343899963e-02
1.373179009321576494e-01
9.817902477493545277e-02
8.950341082562811301e-02
1.038674721449596855e-01
1.155547257384827581e-01
9.391993221074224074e-02
1.338979129832511550e-01
9.487686390544600168e-02
9.236542297779315458e-02
1.039605075012386831e-01
1.252070217324036117e-01
1.128806168622013828e-01
8.412771352490248933e-02
8.694413246969032172e-02
9.069134244796470123e-02
6.938973064522988010e-02
1.403062694797293231e-01
1.384347203740739218e-01
1.062874530805568984e-01
1.103472997937777478e-01
1.717769801961072929e-01
1.136793400971460172e-01
1.234897931238662927e-01
9.261056229860845090e-02
1.431040798802831471e-01
9.210440959647436809e-02
1.045693409275654934e-01
1.274642177870625726e-01
1.118784750779571457e-01
1.298415437672921224e-01
8.604697647723280607e-02
1.437852153285671397e-01
9.478107714848080234e-02
1.491581227075263194e-01
1.199412283491816111e-01
1.169615430068528666e-01
9.982839930972367548e-02
1.276338159080728230e-01
1.348704402832250904e-01
9.933412140013053726e-02
1.609292116475469769e-01
1.092492232751379050e-01
1.126531542190157414e-01
1.215876742999799920e-01
1.033379480555500496e-01
1.182130307285424592e-01
1.289970518782800890e-01
9.390502787090608539e-02
1.358005965369053769e-01
1.133729722666622503e-01
8.925083304996390965e-02
8.031809515152614487e-02
6.972631504476442532e-02
6.428127514266848697e-02
8.081015370717925528e-02
1.196461606246121967e-01
1.333725354803246277e-01
1.243889921094691459e-01
1.202935767197744477e-01
1.066825830882425219e-01
1.507072298039857372e-01
1.021846892784674249e-01
1.221483048808197358e-01
1.327342096394560911e-01
1.212581698892079424e-01
1.033428459178885872e-01
1.374002565364321193e-01
1.229997099236383729e-01
9.867172620165751140e-02
7.787144537624990370e-02
1.331335901580124603e-01
9.239773817084029339e-02
1.267384707278677580e-01
1.085404286524302292e-01
7.549349593190464447e-02
1.002471140413536965e-01
8.079580245296202889e-02
9.667290580426361746e-02
1.204183719930213697e-01
1.524571482584524407e-01
1.012063256677858958e-01
8.011661804316368152e-02
1.308331904009250313e-01
9.819995020135523223e-02
1.153463871537026703e-01
1.283604931381938097e-01
1.115137322755394289e-01
1.159531927098481213e-01
1.043725675532610336e-01
1.382325069093122971e-01
1.354295662429070568e-01
1.248723543480041026e-01
7.547665371309256188e-02
1.200461972405541256e-01
8.443619066268555351e-02
1.049598959207228982e-01
8.432513614779950373e-02
1.041574878397178300e-01
1.552704447058904369e-01
1.328484340219038551e-01
1.351633931836201397e-01
1.019546903071951727e-01
1.053377506177159140e-01
1.249044241864988997e-01
1.184833605015250396e-01
8.521667370473454128e-02
1.220942703795566270e-01
6.075294224903302759e-02
9.436578140097165446e-02
7.256058715368698953e-02
1.327192524083526670e-01
9.386425898777335519e-02
7.764554501975792777e-02
1.109860535848662400e-01
1.590099822907365124e-01
1.005760037169349114e-01
1.163052342652028670e-01
1.070266796943669246e-01
1.177632718179251609e-01
1.198561335634380082e-01
1.207429170920666095e-01
1.637566645630862960e-01
8.939754952918041453e-02
1.018079853452475148e-01
1.325987616996317509e-01
1.098895087606772680e-01
1.596534242770829282e-01
1.074596365947568521e-01
1.158755107924814565e-01
1.061323272055997996e-01
1.297802507901838209e-01
1.126112632509757711e-01
1.291722007874690215e-01
1.002068157942395121e-01
1.223461766373820786e-01
9.518167080117934109e-02
6.548645335202885054e-02
1.033969904382851662e-01
8.444629420958756072e-02
1.144819367069301180e-01
7.503516751160115017e-02
1.137856190002183299e-01
9.861239093194269778e-02
1.464278128993494188e-01
1.201073495236576888e-01
8.772041609592137745e-02
8.925109510311854399e-02
1.369041042793892327e-01
1.024878492619629433e-01
1.188845285432912624e-01
6.220943292722269646e-02
1.262512950547386159e-01
9.771100755460411513e-02
9.832321615430086870e-02
1.156343217196200424e-01
1.103804023825744468e-01
9.460291800971487586e-02
1.037198862608811611e-01
8.743003529864321055e-02
1.183963017796910433e-01
1.256352693933153741e-01
8.250021854689000567e-02
1.464872157223540694e-01
1.237936133322658366e-01
1.314998074590269239e-01
1.082109230096259811e-01
1.281598389123017601e-01
1.043482560953642169e-01
1.215889950535355285e-01
1.041610327806602038e-01
1.296686846919319902e-01
1.203918824500369855e-01
1.188337675345671335e-01
1.778451161802578062e-01
8.940716859551396667e-02
1.166828143182331301e-01
1.210402880994706776e-01
7.151266440324080542e-02
1.035423898794283482e-01
1.202934695867544923e-01
1.012899427398034902e-01
1.065567570725800967e-01
1.098571476570961575e-01
7.871646748471754218e-02
1.251531372898963546e-01
1.274548211397647790e-01
1.168879984610053518e-01
1.071184718082411197e-01
1.217956360749599398e-01
1.803545706653758018e-01
1.156987967841875686e-01
1.177349366882160797e-01
1.208969729842651608e-01
8.711083896159835249e-02
1.289562413098672145e-01
1.690537123314803658e-01
9.396378584198916695e-02
1.013896243016175064e-01
9.907596834678653042e-02
9.317963426315430120e-02
9.998968750342554501e-02
1.130646103226922161e-01
1.080211508265927212e-01
1.280234661016476649e-01
1.312198576650870085e-01
1.092068439196207941e-01
1.335313150706288199e-01
9.475234108645871900e-02
1.344107998515395308e-01
1.084082414891459206e-01
8.055110146315155872e-02
1.099075055516317984e-01
1.401223002885905455e-01
8.652538201846420030e-02
1.350908678194481793e-01
7.587479121188762943e-02
9.416628028470608314e-02
1.308875692459530726e-01
1.505096879100299712e-01
8.087940887167457960e-02
9.409657402384034863e-02
1.233113877483375392e-01
1.088016635308978464e-01
1.327918192028559874e-01
1.179505454616756877e-01
1.084718744385582828e-01
1.062168926035258060e-01
1.126881080325541074e-01
9.000440121552910622e-02
9.740305098565146813e-02
1.351156091679332483e-01
1.073182316089124483e-01
8.121959656764912716e-02
1.177866888860935879e-01
7.423329926254781941e-02
8.206670641200759786e-02
1.041442922888367456e-01
1.190756551268226798e-01
9.103265253805714607e-02
1.419195347481411462e-01
1.356901033301398662e-01
1.235711393123848784e-01
1.156140279119673570e-01
1.242876859226161035e-01
1.157417258695726814e-01
1.468357353901009188e-01
1.033059208519745142e-01
1.677641108926589686e-01
1.319762404028629599e-01
1.049059390580138196e-01
1.017263195523245567e-01
8.948777180197042824e-02
9.891488519938895774e-02
1.135719113616311116e-01
1.125426874242869413e-01
1.011485285287648389e-01
1.300675139301773198e-01
1.224987939099349277e-01
1.078675579878132507e-01
1.504001959002925215e-01
9.862118449615772664e-02
1.510936757660997221e-01
1.084085006655194638e-01
1.123488024962526338e-01
9.111500423101245860e-02
1.175698940024418049e-01
7.796965794312220310e-02
9.709982142660358861e-02
7.575910995863315012e-02
1.213221117709539498e-01
1.151560620306049387e-01
1.445218842408319548e-01
1.299348061302254831e-01
1.365910715853459745e-01
9.790214368440422477e-02
1.299137398556375611e-01
9.744410923234436694e-02
1.042575704303480844e-01
1.393268299699984281e-01
1.109254441630930649e-01
1.144313302379677266e-01
9.702129242990464864e-02
8.184729171263738223e-02
1.047304163519808540e-01
1.362800878763105183e-01
1.350656470194254166e-01
1.351762821506276024e-01
1.282905092604769981e-01
9.715108296728561244e-02
1.186254860827338498e-01
6.072296676202164345e-02
1.102877959886815196e-01
1.083885636393343843e-01
8.829746322537204706e-02
8.678095258210657970e-02
8.843500770375727071e-02
1.192004869361497771e-01
9.058797542578948814e-02
1.410068472847550713e-01
1.343954978053390203e-01
1.690404736140199982e-01
1.124935402331561224e-01
1.012151104406268515e-01
1.132208188139082194e-01
1.638021896428103752e-01
1.124762411773281012e-01
1.287612552285959111e-01
1.397566170964728849e-01
1.097836624302560155e-01
1.292199499971325438e-01
1.130832420841581254e-01
1.881952777818201861e-01
8.559567397682990575e-02
1.570085199654143726e-01
9.252440966847708115e-02
1.235481034419115415e-01
1.098368597886107273e-01
1.044857204044322696e-01
1.004001629792632688e-01
1.397813830055729956e-01
1.120392923749844866e-01
1.535178892398956219e-01
1.496475848972011746e-01
1.060634317182522768e-01
1.232832374871925263e-01
1.192280768775417776e-01
1.009790968947058137e-01
8.831568573212393580e-02
6.748071663774710127e-02
8.960147162514149610e-02
1.204905989378633330e-01
1.354825158619331338e-01
1.311514453467361452e-01
1.058859855701738545e-01
1.180714130643529536e-01
8.663853212800017023e-02
1.551607689468258722e-01
1.387035588210840109e-01
1.263357317721407747e-01
1.208550414188366701e-01
1.538668155636580548e-01
8.021159204189536041e-02
1.023991227285052930e-01
8.096193477296813323e-02
6.414246430154997569e-02
1.249379966498525424e-01
1.687552420203299319e-01
1.446107686773976664e-01
1.421226839101429329e-01
9.536899424555327076e-02
7.098300080802075196e-02
9.622853250621554722e-02
7.093064057989764692e-02
9.822437609895022514e-02
1.119969961142515541e-01
1.122312098075104181e-01
1.141883623924161845e-01
1.253666189837080724e-01
1.038267270055442254e-01
1.264733505833029459e-01
1.329518975376010603e-01
1.001011641155328952e-01
1.107477568348596286e-01
1.134638333313836150e-01
9.185190795580808198e-02
9.822705357007129046e-02
1.326959898558849327e-01
7.797299948818928184e-02
1.395814035276506659e-01
1.305211150659185415e-01
8.928688113684217498e-02
1.125514204251868849e-01
1.280249855580039009e-01
1.360936341340143740e-01
1.300193651536513950e-01
1.433138614968441638e-01
1.187677937956368029e-01
1.166399981651110584e-01
1.373441817882486704e-01
1.459820190573254961e-01
1.312723781498166264e-01
1.011078745672827628e-01
1.229644356822276324e-01
1.299444893357181163e-01
9.310831613221455527e-02
1.219232652638269770e-01
1.100518734443002994e-01
1.320239049258598030e-01
9.896881123340757480e-02
1.004237060432307677e-01
1.603059284922446204e-01
1.055910233532376674e-01
1.268552494312048251e-01
1.057096540394156375e-01
1.147038844980137196e-01
1.570791898678386977e-01
9.260650580586407554e-02
9.363474900698307013e-02
1.200788578090587616e-01
1.158771701236412099e-01
9.217036597949324062e-02
1.048716011966673162e-01
1.494390601684696396e-01
1.218923559681501512e-01
1.318011825450403351e-01
1.010368642511564746e-01
1.696615571696827585e-01
1.221348565063425928e-01
1.084818606975259253e-01
1.622494725006249361e-01
1.322439704409088534e-01
1.022089677295946741e-01
7.244067187304552291e-02
8.726231553689897669e-02
1.586370591311452860e-01
1.210116232964547622e-01
9.932260448188741375e-02
1.819092980647574187e-01
1.063692297977425483e-01
1.539807152372689447e-01
1.109383054011627151e-01
1.096124187044059395e-01
1.725291795758711055e-01
9.714044209574435040e-02
1.041214952896453438e-01
1.224258882825974837e-01
1.210711324776500702e-01
9.177765110648930524e-02
9.262727042837022584e-02
8.626843730915492725e-02
1.457246357483114041e-01
1.183627112702190509e-01
1.237303198708025881e-01
1.110046159151944350e-01
1.636423552368009293e-01
1.179147782811092726e-01
7.684378369634574379e-02
1.228404815223415464e-01
1.486838972040203377e-01
8.284675678463346293e-02
1.073975666085338621e-01
1.221467708621598314e-01
1.073476536335983000e-01
8.939928866338735236e-02
1.304582789862117065e-01
9.900111501738395603e-02
