3.393017452886207819e-01
3.801745522182058967e-01
3.522898324396797065e-01
3.692134684203757788e-01
3.228503751207849604e-01
3.363542047319373340e-01
3.324984404610437094e-01
3.534772424165170124e-01
3.402388672100158384e-01
3.438122255609448175e-01
3.258189452567245015e-01
3.877466297560937525e-01
3.539118346309894636e-01
3.356558358480739024e-01
3.719225849018010788e-01
3.437349458168251215e-01
3.374698808347041390e-01
3.591260437409239392e-01
3.679725697579317445e-01
3.539484203246707761e-01
3.367781351965046799e-01
3.368255841362854386e-01
3.711493777771580072e-01
3.465698728231102477e-01
3.312586419943456262e-01
3.561636791568478788e-01
2.836772476505317608e-01
3.568357201594105632e-01
3.535974447686923705e-01
3.384822067830376424e-01
3.406630886545325421e-01
3.440503229642281058e-01
3.341634133313888810e-01
3.483307960194782504e-01
3.276904883926912149e-01
3.595798920020362166e-01
3.660341451244137345e-01
3.760381319730903282e-01
3.620497940762651412e-01
3.436856068527833763e-01
3.305746237588323977e-01
3.366427071152018335e-01
3.481789002777793129e-01
3.495213519472247232e-01
3.471276989680885383e-01
3.651233701389845487e-01
3.372615403482314700e-01
3.660595453454338344e-01
3.531659500631193493e-01
3.231776854106406249e-01
3.357092317812072624e-01
3.703529652730784272e-01
3.236973830689219289e-01
3.463716801207818996e-01
3.312241456700090181e-01
3.408214453279922451e-01
3.493732652862222010e-01
3.159906239465082867e-01
3.284436492314956046e-01
3.335794047067629498e-01
3.620728478917484283e-01
3.366077901039856712e-01
3.529504167301412143e-01
3.599405691519992900e-01
3.319885676382084982e-01
3.578608536470569979e-01
3.209615506049235956e-01
3.362966340878763005e-01
3.584909881220325611e-01
3.498172288886035597e-01
3.235444587124987059e-01
3.486083447770529919e-01
3.641550326619616418e-01
3.545124368198687703e-01
3.662925875711123824e-01
3.321242234597243659e-01
3.094895437707963493e-01
3.613989271124157243e-01
3.454191207802242425e-01
3.496507376844425474e-01
3.242759785324496602e-01
3.512311719785666808e-01
3.408388714425443777e-01
3.383544571771871512e-01
3.539925613746520705e-01
3.425956522918243152e-01
3.789490196940871192e-01
3.304461119096963606e-01
3.601020156589530008e-01
3.694066399459606242e-01
3.528527881580826309e-01
3.439513986918747990e-01
3.565071251498559968e-01
3.615651722497572607e-01
3.276596194549634133e-01
3.355383976500624366e-01
3.127370195448525569e-01
3.330660135892625218e-01
3.411072665882752264e-01
3.475425419428394558e-01
3.468089198262856998e-01
3.371294002043930815e-01
3.792317583954235571e-01
3.578294489788991783e-01
3.284418880844356403e-01
3.204943329710719935e-01
3.522826429881867893e-01
3.059961467039637451e-01
3.454503671179360857e-01
3.531729539832076936e-01
3.506305975991025337e-01
3.309382985186702930e-01
3.374682123850286652e-01
3.152854929946649065e-01
3.234774842619779767e-01
3.554672272191538029e-01
3.591154003999513233e-01
3.253150632903129558e-01
3.388293291191973311e-01
3.362420335394131765e-01
3.416420511000692328e-01
3.399261060878459029e-01
3.373608018282527321e-01
3.513064113877014116e-01
3.563403259901855025e-01
3.652260955031756962e-01
3.134559585217907562e-01
3.294215199301236963e-01
3.294795305614322545e-01
3.561416862698595365e-01
3.605094807138848889e-01
3.459040964564829568e-01
3.550876460397410783e-01
3.789427632676479196e-01
3.185384679246007211e-01
3.470106779359689031e-01
3.280859218397084720e-01
3.219062584863698340e-01
3.371635024899123367e-01
3.514978500542720874e-01
3.196011113160172057e-01
3.212969593959655867e-01
3.356802461453097242e-01
3.545046358505963280e-01
3.582336731086995796e-01
3.470717710260017297e-01
3.654987377936517734e-01
2.969272479379056473e-01
3.400120760023402910e-01
3.387667702163148498e-01
3.262739843758090674e-01
3.234307066174446632e-01
3.326433986708499657e-01
3.423728235122935892e-01
3.383159125036354631e-01
3.461382574650307964e-01
3.308056202990127259e-01
3.287698381233453149e-01
3.692943106664675068e-01
3.322645827165964239e-01
2.990346623899212131e-01
3.640195767533661031e-01
3.199377235932228669e-01
3.480114289074162648e-01
3.126967971885165065e-01
3.154062120410222048e-01
3.239964289685738907e-01
2.979298860891327894e-01
3.598915696348647386e-01
3.308770707963125668e-01
3.381765178806210304e-01
3.488683309109195663e-01
3.406460472264659645e-01
3.536766529032596140e-01
3.482557930576343774e-01
3.493670560812670578e-01
3.439225286227761691e-01
3.339528287885621394e-01
3.275211664235133102e-01
3.490537205368359208e-01
3.202341571607093540e-01
3.322797257746414878e-01
3.567451383256619035e-01
3.669457677053218347e-01
3.409720868257779536e-01
3.794228468675846511e-01
3.173203275404810064e-01
3.673299388478840077e-01
3.748461799493133517e-01
3.691416759465695474e-01
3.454834117956715467e-01
3.699759445012901216e-01
3.323786459142569205e-01
3.160705238655017735e-01
3.776178143837410905e-01
3.141152286744612887e-01
3.385329348798650773e-01
3.238929411619743126e-01
3.612941260526586484e-01
3.513729781055769386e-01
3.413712693434413081e-01
3.544912073905376326e-01
3.587340872045257645e-01
3.467719804993679711e-01
3.331114245983850530e-01
3.504880786241089119e-01
3.660169180660847732e-01
3.204997194629776724e-01
3.574474954505678093e-01
3.256902292654683673e-01
3.514956610278849869e-01
3.435530571333658689e-01
3.506112196271163328e-01
3.228867685288305256e-01
3.498810059951605878e-01
3.094807287454791611e-01
3.624625593362204024e-01
3.324850382974336438e-01
3.629512952293313388e-01
3.497456565265228967e-01
3.543450881866327951e-01
3.179370748318900430e-01
3.079836887583593530e-01
3.626128528181709609e-01
3.544516776529681445e-01
3.198401417268655900e-01
3.285034664875550181e-01
3.516210727298322847e-01
3.842941186385820940e-01
3.659840764441145700e-01
3.607734986862797810e-01
3.357366149992344617e-01
3.494605464455287636e-01
3.396211841446519220e-01
3.190212796247118288e-01
3.271381582555655809e-01
3.665235827836220150e-01
3.245725248915561356e-01
3.594561170544081641e-01
3.452651031368482171e-01
3.396333470917436426e-01
3.535345856047221180e-01
3.373593487242212974e-01
3.463116378123686778e-01
3.433161994294787189e-01
3.752174453386687980e-01
3.821453906201127682e-01
3.136732659322015726e-01
3.459101295628789763e-01
3.451608782697704880e-01
3.482654021482137763e-01
3.306667311604857828e-01
3.083683681873493621e-01
3.396116337671659102e-01
3.604274599915950339e-01
3.387501440367837735e-01
3.663562114864661323e-01
3.307612359272745772e-01
3.663112563932057197e-01
3.531576429409843954e-01
3.056345787714912499e-01
3.423119268081492028e-01
3.487003844951169218e-01
3.444544702986373497e-01
3.477674136152371642e-01
3.482135516733302349e-01
3.564824218154797886e-01
3.390633780757911220e-01
3.430147426571951708e-01
3.308958749001261745e-01
3.307729245894704961e-01
3.510448805656594118e-01
3.666663766868420438e-01
3.497013618607066610e-01
3.635304667135780821e-01
3.584527377746348220e-01
3.387444626212683385e-01
3.596111048541734689e-01
3.230525108526037248e-01
3.237089451842840582e-01
3.532504399013115526e-01
3.638198226924619916e-01
3.633502411560104450e-01
3.189791314587906434e-01
3.447279809425518593e-01
3.450900313617367710e-01
3.319776506580839337e-01
3.236396093908400218e-01
3.566809915180488844e-01
3.188714981698820283e-01
3.665908734386696954e-01
3.485554368825144467e-01
3.583736244313564523e-01
3.296225889605069459e-01
3.393891214087452757e-01
3.599307132160579625e-01
3.662466025644927070e-01
3.713747935666701361e-01
3.542683277012592669e-01
3.330595475635622082e-01
3.286786637937365585e-01
3.566742996595895221e-01
3.808444485120487388e-01
3.700299125690788005e-01
3.472073971149328142e-01
3.613061421708455012e-01
3.349424315327131363e-01
3.444269031410310267e-01
3.258096361107426508e-01
3.358442009041248122e-01
3.399713582743629781e-01
3.237953517591090069e-01
3.303895530530482905e-01
3.546015518077586526e-01
3.441882136276505078e-01
3.629442726801299646e-01
3.473992493524090119e-01
3.232858325971295077e-01
3.437497563211083795e-01
3.254983527089693185e-01
3.291514045511189090e-01
3.110879410516942389e-01
3.232805731321873322e-01
3.281541356444673263e-01
3.322083964502631770e-01
3.395247274642677615e-01
3.451719927728321702e-01
3.685247524476272796e-01
3.768701905190349755e-01
3.398589206632862125e-01
3.619554890119526802e-01
3.291619708248170184e-01
3.277773649306475745e-01
3.652758240861688765e-01
3.798732242733473541e-01
3.480537264219217830e-01
3.061278273006581285e-01
3.196426423515673632e-01
3.623077528671062586e-01
3.407085476429222437e-01
3.379667066982429691e-01
3.339741060539140882e-01
3.368951746163657002e-01
3.037978958394830231e-01
3.185745285367854729e-01
3.476539282174700429e-01
3.340774393713979440e-01
3.514031348168362712e-01
3.424812570059020400e-01
3.442238632897625106e-01
3.468347647046143289e-01
3.413797549028489975e-01
3.302133121691625539e-01
3.517068124641172244e-01
3.882823513180022057e-01
3.509368311463937351e-01
3.612938083711210169e-01
3.600623147182164252e-01
3.272264062714173027e-01
3.630119966295334288e-01
3.379423549475905064e-01
3.719058933751278606e-01
3.490020320425351597e-01
3.558008676751146515e-01
3.386993170370479200e-01
3.491954291932584664e-01
3.535749887888880449e-01
3.324951804369831732e-01
3.454539933726861745e-01
3.830468095965973707e-01
3.230932415594133245e-01
3.423708416907297325e-01
3.679150934688732999e-01
3.641713405992629826e-01
3.244388621024244523e-01
3.499451570118344845e-01
3.601143825741300875e-01
3.354863259137518261e-01
3.799043737748754035e-01
3.585561623076546911e-01
3.407954571127509436e-01
3.500643202703164758e-01
3.311635533049435698e-01
3.508353455029488699e-01
3.438264795784165551e-01
3.901865882818958409e-01
3.970299018346267195e-01
3.706452501644169617e-01
3.175942041018340878e-01
3.587182806362216314e-01
3.643004844336966697e-01
3.359213209339274586e-01
3.686843266742097502e-01
3.492554389837810858e-01
3.296344805196184669e-01
3.594846254060243274e-01
3.297964141890236678e-01
3.478985877601850629e-01
3.732771885826651204e-01
3.386652681254621600e-01
3.463653167558581880e-01
3.515177790883817766e-01
3.608267095202354335e-01
3.393206976599448810e-01
3.452984960012072668e-01
3.299798283483399430e-01
3.469610361166514112e-01
3.615087051334884283e-01
3.303129888073900733e-01
3.866785060278218333e-01
3.274034112921974105e-01
3.843370974129668993e-01
3.313864346385004822e-01
3.553369259960353355e-01
3.553681037025198663e-01
3.621827639184154179e-01
3.432495293826571814e-01
3.529981828649464970e-01
3.384356782948803044e-01
3.485322288732155549e-01
3.372956683279403900e-01
3.427909380937800288e-01
3.803459550165877445e-01
3.231073118815507850e-01
3.368785565881220467e-01
3.340364799833301923e-01
3.463920531989854723e-01
3.503747397691890919e-01
3.133232937376646543e-01
3.485396899871231469e-01
3.565018403196112406e-01
3.396551618151311125e-01
3.433366022461297185e-01
3.159398451628136484e-01
3.704025150159458990e-01
3.323570329400865053e-01
3.374845501761025712e-01
3.537620386096422820e-01
3.451036841804149269e-01
3.666940097349144501e-01
3.301333525641358957e-01
3.335548600521389129e-01
3.521986517784502224e-01
3.453212298954684289e-01
3.320151685665451713e-01
3.828581978693225696e-01
3.416206006304098319e-01
3.421979626415603271e-01
3.543001265060929383e-01
3.298783389139187672e-01
3.217664059862235248e-01
3.367296765911852452e-01
3.449902402793072476e-01
3.265206275349704090e-01
3.459090599376365982e-01
3.606560637723600360e-01
3.381130696018444515e-01
3.168513817914019315e-01
3.574762668793600162e-01
3.784479142422393361e-01
3.618838023220681821e-01
3.475404145329994976e-01
3.404787012600996587e-01
3.511961065606512555e-01
3.287562688804660516e-01
3.431203289651481025e-01
3.416832544750174061e-01
3.457903561143046423e-01
3.474087683431208995e-01
3.392895364503111244e-01
3.612003131736433170e-01
3.884198631066370089e-01
3.528445626043977823e-01
3.487299792459138681e-01
3.438894597655021146e-01
3.419682350267064797e-01
3.610210633714593387e-01
3.463251712074050803e-01
3.451424886574597783e-01
3.413779738372405559e-01
3.404432479516440457e-01
3.487886864735044168e-01
3.556919916678692450e-01
3.689888948663848645e-01
3.353915051228800737e-01
3.132810685993572819e-01
3.517936995881280060e-01
3.279868765924994212e-01
3.749728715064246098e-01
3.511846473210985531e-01
3.482753935515104926e-01
3.124157940410701162e-01
3.428717219120110959e-01
3.551992647537070003e-01
3.148421021970405631e-01
3.405938653779035374e-01
3.512912637557636941e-01
3.434702015623385951e-01
3.602833191546313540e-01
3.715001338639738471e-01
3.303651147696328172e-01
3.505726489703674953e-01
3.597048233414412155e-01
3.369354034047793434e-01
3.309159957504008709e-01
3.588486620410117345e-01
3.399551054435602238e-01
3.586731599647396962e-01
3.420532490560333483e-01
3.720870422524575893e-01
3.562414560670836283e-01
3.379427572254034562e-01
3.363604091909454530e-01
3.655320454524200180e-01
3.271562761561591648e-01
3.162114652847888285e-01
3.688793897303775382e-01
3.626586922663923573e-01
3.528316622639192102e-01
3.474474634928680916e-01
3.489029576929542631e-01
3.441246012501134599e-01
3.625601919774673054e-01
3.809294353218982132e-01
3.451427693306549083e-01
3.331857713008505861e-01
3.203304412452425698e-01
3.740429311335241591e-01
3.599836245161299741e-01
3.766268383619850724e-01
3.657846561488422021e-01
3.131984097489678431e-01
3.307823572643674437e-01
3.236336748034607802e-01
3.443909641425674795e-01
3.486418165246608636e-01
3.264963283729159227e-01
3.606361673899588505e-01
3.429622552622895171e-01
3.428610131778095371e-01
3.477290226990468747e-01
3.339345937254531438e-01
3.305262126939177980e-01
3.511765589555476685e-01
3.523235748983503113e-01
3.351921141007171423e-01
3.369312165494978695e-01
3.526080461356361218e-01
3.304543887304792760e-01
3.628239026929214739e-01
3.768293123469181327e-01
3.144476766725806671e-01
3.224908455245468208e-01
3.530586064598710827e-01
3.333832681948941112e-01
3.659925821104962340e-01
2.873492949506217253e-01
3.504191654067818074e-01
3.332386774671600160e-01
3.599260530185603990e-01
3.669969634444502082e-01
3.419297194260326744e-01
3.413469434939602754e-01
3.466066015299497649e-01
3.452725930016359301e-01
3.748061337355710343e-01
3.562158910938387768e-01
3.492110478070821755e-01
3.367896326502002879e-01
3.853057513098567255e-01
3.437263250064477305e-01
3.616563410383608068e-01
3.709836924062042685e-01
3.668963103152712568e-01
3.488448830111791077e-01
3.291002376024190212e-01
3.775818507574322802e-01
3.269207516965681459e-01
3.745918642981108659e-01
3.616962024864541214e-01
3.489534519897509734e-01
3.359563098607817877e-01
3.328332352430587449e-01
3.661087309997051453e-01
3.501213417201028411e-01
3.713572955007911069e-01
3.422845496253602571e-01
3.568798652205465993e-01
3.463482829480450942e-01
3.537669846813598640e-01
3.363443292333213597e-01
3.638782872321285611e-01
3.452477825857678262e-01
3.594217382030169272e-01
3.455852599758529875e-01
3.681117864247266946e-01
3.307707379367909040e-01
3.523033414166302779e-01
3.214140629207711819e-01
3.464509280962270177e-01
3.388995253761450943e-01
3.454298299597443611e-01
3.466707494031737724e-01
3.422739352135145685e-01
3.385634633901878354e-01
3.437323725380844186e-01
3.722038421745619274e-01
3.521213500280325759e-01
3.671548596668245956e-01
3.677402476165394507e-01
3.449845473303438936e-01
3.670757499378866084e-01
3.455846616158117501e-01
3.153842480447709984e-01
3.947659868758625623e-01
3.501452078645833632e-01
3.454984861045691247e-01
3.533147570788729430e-01
3.505600431915322779e-01
3.141479339672582638e-01
3.621689275080380299e-01
3.476378855580498084e-01
3.584543248032971974e-01
3.533227873273732667e-01
3.532934929696119886e-01
3.176653253849158198e-01
3.188370795350160547e-01
3.250294207598938279e-01
3.592526743488434482e-01
3.422226078859748055e-01
3.483445682683044553e-01
3.266802465182764292e-01
3.560298196337216003e-01
3.647998235833294634e-01
3.353053054698139634e-01
3.530066848968583249e-01
3.567593811209645027e-01
3.301472868330201926e-01
3.479215321655442783e-01
3.502622119146735491e-01
3.236778128744026151e-01
3.523700477273677967e-01
3.569134365753773297e-01
3.472485329265790344e-01
3.654570290185743531e-01
3.216098019378785255e-01
3.547698635984312676e-01
3.494197403258074708e-01
3.447486263567633991e-01
3.616584651202114919e-01
3.622993028985872499e-01
3.606308335028092782e-01
3.390432304160089783e-01
3.177047605927461049e-01
3.381736520953974034e-01
3.525950097463836919e-01
3.010650478848680978e-01
3.369479009220273658e-01
3.253692998966405403e-01
3.308760555768494038e-01
3.816680701487110139e-01
3.220034058245107578e-01
3.425057647079561285e-01
3.322115434375381149e-01
3.269197415310318156e-01
3.618186136029235556e-01
3.643103710493654779e-01
3.876978644745524560e-01
3.393112985977609908e-01
3.470683620161469363e-01
3.354015911464693356e-01
3.565290794922092443e-01
3.521722806951972928e-01
3.282048977570820592e-01
3.489599552835168095e-01
3.289740643418470056e-01
3.601042732031862759e-01
3.711804163967373782e-01
3.330551515092146642e-01
3.683024083011446903e-01
3.433216089256459491e-01
3.142576046677624801e-01
3.421143817261119158e-01
3.561150596074231789e-01
3.559003481561798243e-01
3.372747642300967241e-01
3.283095290961625112e-01
3.473366476908373857e-01
3.443592756274823086e-01
3.506204709527366292e-01
3.337673670691300165e-01
3.573578897341563310e-01
3.637545141564931805e-01
3.653064252014927016e-01
3.422223572282695470e-01
3.730890586374441265e-01
3.473570319088420955e-01
3.512235733790024517e-01
3.474777245819935523e-01
3.592030534931556218e-01
3.479621979506798968e-01
3.378495894108466957e-01
3.349347697847550043e-01
3.230685261485294890e-01
3.650772175650699447e-01
3.363380111477294321e-01
3.622305398781185404e-01
3.300298874077179367e-01
3.592597790036475836e-01
3.561027409876329486e-01
3.618503475594484486e-01
3.356611036640330670e-01
3.228933494657833525e-01
3.379683068990152472e-01
3.529585230158518994e-01
3.294964937488457091e-01
3.533053904188623862e-01
3.405245176053477429e-01
3.635247678467078414e-01
3.582703845703126277e-01
3.504691196898458427e-01
3.378642105137409923e-01
3.459085723524156775e-01
3.455015184787060822e-01
3.430388494115778064e-01
3.717418363625166200e-01
3.219349306390986709e-01
3.366410946573027418e-01
3.397901299009533638e-01
3.438139211317575161e-01
3.276636915435487962e-01
3.150883142848391882e-01
3.430300716632242453e-01
3.335856876998216647e-01
3.663631683018335750e-01
3.496053710727177188e-01
3.599061743171189098e-01
3.240577516729747920e-01
3.494999286751289125e-01
3.498178604685440174e-01
3.667186651522503782e-01
3.640673048698496728e-01
3.394041240022679928e-01
3.699504415826221360e-01
3.226879447845745763e-01
3.459282239369039225e-01
3.637550178495215780e-01
3.503191511159630678e-01
3.640711744256750482e-01
3.242532234005571223e-01
3.407352902700225283e-01
3.667873549367861585e-01
3.432515877309234575e-01
3.106384396775101475e-01
3.334425572013655636e-01
3.536087471288491546e-01
3.326516413933164884e-01
3.304724487569087321e-01
3.386533662834423919e-01
3.390370110528797554e-01
3.377741895025064278e-01
3.300011892417432646e-01
3.099023709550555727e-01
3.393182565563212516e-01
3.252886958139359352e-01
3.382105217320844348e-01
3.534872093418060524e-01
3.284007033152858135e-01
2.975960384173620410e-01
3.592040108985857794e-01
3.401306350917928656e-01
3.315619420766823255e-01
3.411417512952041320e-01
3.726406022790968997e-01
3.267602106894553771e-01
3.274478071987038663e-01
3.411140717200397132e-01
3.408866490266727611e-01
3.078533295074790677e-01
3.322860080205606859e-01
3.531580320336048517e-01
3.090603040288855685e-01
3.529602783154147660e-01
3.052297084131880278e-01
3.250640810781030288e-01
3.583734861466310040e-01
3.218569462838467010e-01
3.644848450570432608e-01
3.264424195989360511e-01
3.488327748722624966e-01
3.449987215807476248e-01
3.421048189506111781e-01
3.339174232013933374e-01
3.292077179889919547e-01
3.393701666027187924e-01
3.512363353350250739e-01
3.445211106324612693e-01
3.380223979965626957e-01
3.187889322812523796e-01
3.571888696218240566e-01
3.500719122700332031e-01
3.255092202943994373e-01
3.394926184851182471e-01
3.653616027437132652e-01
3.316353137539930218e-01
3.399397742458147298e-01
3.795680754558833359e-01
3.580714710109700327e-01
3.411597367204734499e-01
3.469470774423215609e-01
3.653817532529299861e-01
3.666557645903890661e-01
3.276721474948631752e-01
3.613369019137946947e-01
3.301174686005441949e-01
3.600342330063439067e-01
3.565548653862059547e-01
3.428313429337979112e-01
3.652004567804963409e-01
3.291053301712690837e-01
3.537325221764126004e-01
3.283865791995230765e-01
3.352322728814399189e-01
3.717025101171967938e-01
3.000031906611860810e-01
3.536597656609288820e-01
3.528129554831709314e-01
3.567224469381973240e-01
3.742386828240499286e-01
3.111432534068739875e-01
3.147341327356438234e-01
3.529204800821010291e-01
3.863711204690728485e-01
3.230977287673423293e-01
3.334479213375333706e-01
3.404867443652027648e-01
3.474582275897960537e-01
3.394763755630418323e-01
3.443847142301189601e-01
3.421925022188970766e-01
3.868376516193519077e-01
3.642681465991968182e-01
3.749272873766115177e-01
3.284461403840726601e-01
3.576584055174918397e-01
3.287561323332031660e-01
3.497790299685004101e-01
3.467010101910802389e-01
3.366281297087755919e-01
3.380434362280458349e-01
3.363162123563627204e-01
3.371090154141865303e-01
3.316798413698366366e-01
3.246372332853050269e-01
3.447803319780332609e-01
3.505201973583421671e-01
3.387989848198968978e-01
3.710977475948348259e-01
3.731618699038467546e-01
3.481236082617987226e-01
3.836545796890390436e-01
3.710198222806367352e-01
3.473194164343960666e-01
3.335653947750967796e-01
3.258166720350724188e-01
3.511005936352775691e-01
3.356402219630902906e-01
3.255406413142322153e-01
3.591909028136127113e-01
3.243852769828624583e-01
3.623664993250280131e-01
3.526482927318504434e-01
3.443470682101665847e-01
3.439739957646715252e-01
3.194022022045753251e-01
3.441421999142998400e-01
3.335373972078105043e-01
3.564679814612372044e-01
3.582708967026101976e-01
3.713997348101885088e-01
3.681022427355510884e-01
3.570731367380449717e-01
3.503391764977090150e-01
3.346053687420946776e-01
3.393178905568721704e-01
3.300332566562659276e-01
3.599081031710822942e-01
3.558718096661886987e-01
3.648606848638992206e-01
3.619764984445913436e-01
3.338848504806495865e-01
3.436795562302595308e-01
3.570320304571946712e-01
3.600763706863653324e-01
3.475424371739569418e-01
3.256389200007556717e-01
3.313943134038030980e-01
3.551085150380143274e-01
3.508113949560228706e-01
3.466033451095131279e-01
3.084384998741862560e-01
3.346825945610951147e-01
3.332080807579297921e-01
3.481257857346623519e-01
3.507236957777367103e-01
3.873738244604197356e-01
3.542788570665799108e-01
3.318645831671910296e-01
3.556004935406839040e-01
3.664903464458842963e-01
3.221037160214471062e-01
3.372262192200957132e-01
3.406124426881535494e-01
3.268042341755490465e-01
3.415556843411229337e-01
3.356009090139436823e-01
3.362961708157397034e-01
3.236103961888415759e-01
3.527577374157277457e-01
3.420189042384174649e-01
3.451616873289665155e-01
3.474912734233101541e-01
3.591977337939927239e-01
3.601796046565224341e-01
3.254954253292222655e-01
3.390822758812659377e-01
3.535296786728109875e-01
3.364089564555651224e-01
3.246815487390177779e-01
3.049222526513126752e-01
3.571875894724404477e-01
3.382465743354846621e-01
3.769254178395966548e-01
3.299196118424337909e-01
3.507241405083894037e-01
3.572966847593460615e-01
3.606556899986486098e-01
3.173541789904341659e-01
3.421676327818725105e-01
3.694402846138706287e-01
3.347236095370452746e-01
3.265500646129855800e-01
3.419915044637108492e-01
3.338513585068152434e-01
3.300040208776815476e-01
3.357632354206104841e-01
3.218308258756319984e-01
3.103198563430564216e-01
3.242095341402939646e-01
3.378097182771852558e-01
3.693576003859200818e-01
3.220671605845060737e-01
3.304418770172182218e-01
3.292070278878412859e-01
4.011924961563380632e-01
3.768754316664162940e-01
3.310254133055902104e-01
3.691966257177675681e-01
3.359165751453058180e-01
3.362996110932293670e-01
3.386464420104439155e-01
3.447382473254784196e-01
3.135039804501114635e-01
3.115606105783131352e-01
3.503130933322974871e-01
3.576311544098697559e-01
3.307459135547571871e-01
3.139136046075127195e-01
3.582706343839329732e-01
3.126585605779612642e-01
3.311833178825491775e-01
3.504724270255299423e-01
3.451964552253660168e-01
3.553776283778399825e-01
3.520013322863599359e-01
3.640212474913154805e-01
3.718800327191172927e-01
3.722305272683330002e-01
3.621229369018418298e-01
3.405056991874600425e-01
3.322690092914082349e-01
3.546831835997049098e-01
3.794538701169722916e-01
3.495291586924281768e-01
3.636543656826843329e-01
3.313872657435735780e-01
3.682383244281834389e-01
3.441480042859110244e-01
3.647264501566370720e-01
3.549413650939596820e-01
3.273967524518451300e-01
3.372969424316843989e-01
3.293441957561481503e-01
3.695728778804884262e-01
3.529794177387892695e-01
3.455338566569194358e-01
3.617816885575472208e-01
3.548771320734006585e-01
3.478518288489484411e-01
3.327359982419917372e-01
