9.516990899413932392e-02
1.251951019833304479e-01
9.616603895066933028e-02
1.564243468932253189e-01
1.464276839109160122e-01
1.326128095367204718e-01
1.043053365488804396e-01
1.252323780414336951e-01
1.479539461685276669e-01
1.135713734330655311e-01
1.193416467798260189e-01
1.515320608244123401e-01
1.322369624450619174e-01
1.577643144172557188e-01
1.125624056531457223e-01
1.271546100117803002e-01
9.595912711309373400e-02
1.208333311974505025e-01
1.145862501434347508e-01
1.650192504085762069e-01
1.442363592362880531e-01
1.295617149627944220e-01
1.388288751629344064e-01
9.975199186750380309e-02
1.443924258548943684e-01
2.010861779127617877e-01
9.683473579058050895e-02
1.644402690954136770e-01
1.367368762167874841e-01
1.160290686744296362e-01
1.353579819159404507e-01
1.304120767871473352e-01
1.577965771318090016e-01
1.200256691650025270e-01
1.466184065502812162e-01
1.536903086645520777e-01
1.348820458037185144e-01
1.082021785107962486e-01
1.214815598670417884e-01
1.516108595468252940e-01
1.150137697055463037e-01
1.536964752243200061e-01
1.210704536454221686e-01
1.104973484731059247e-01
1.376803621193596894e-01
1.561081154230245793e-01
1.174476808676878925e-01
1.181907163397647037e-01
1.105844158720532544e-01
1.482362663059672014e-01
1.155544106350787359e-01
1.581663718538211250e-01
1.250043207944959989e-01
1.239878778368878887e-01
1.268134488049317554e-01
1.495828259422867235e-01
1.472496298192508268e-01
1.606599225234637551e-01
1.448961229885381008e-01
1.161605276033802758e-01
1.213855199660625050e-01
1.192176332660395965e-01
1.178275952862107845e-01
9.598935963908331037e-02
1.026060705564679348e-01
1.095913170851035429e-01
1.210244958739956356e-01
1.215470984700457030e-01
1.045354406806173336e-01
1.455524164502773055e-01
1.220657212804303338e-01
8.861681896183989937e-02
8.862243046588606787e-02
1.225438083216863622e-01
1.245984868608576157e-01
1.464430510009656072e-01
1.440440520755900122e-01
1.039618701521757560e-01
1.324532386961119190e-01
1.342160230880568295e-01
1.129089872736856737e-01
1.387695685451136585e-01
1.277217599604177356e-01
1.220832549352948992e-01
1.276479766533910043e-01
1.827828874207845788e-01
1.536223760433517715e-01
1.270517691147572681e-01
1.093642515930521864e-01
1.644107975371510988e-01
1.744228495827244707e-01
1.397190820192265870e-01
1.412539583538480192e-01
1.576573452106321827e-01
9.109216317804003094e-02
1.392182990339616566e-01
1.585566828394898986e-01
1.204587805738152745e-01
1.371723137153736949e-01
1.143738021950080064e-01
1.362115085047206908e-01
1.270253140422899218e-01
1.275642089843038729e-01
1.292193951120049200e-01
1.564318719509651678e-01
1.239754225656130304e-01
1.278214488968227314e-01
1.513258485954258326e-01
1.400116153520090667e-01
1.450555884262338946e-01
1.218359092024236812e-01
1.308665815328892978e-01
1.420067931966586261e-01
1.333246453941644705e-01
1.232321620249328814e-01
1.215818876794578784e-01
1.217279633505898434e-01
1.295198542568911093e-01
1.463008384566426845e-01
1.220972698694539338e-01
1.510409607271779309e-01
1.225747900478512120e-01
1.491856735827346847e-01
1.334561989949865635e-01
1.551523319178458871e-01
1.496038096146027341e-01
1.322412754062370355e-01
1.125999669153397303e-01
1.023127611683044280e-01
1.427421884801783059e-01
1.106077412857120884e-01
1.433762826304790516e-01
1.205704521718456990e-01
1.134285095908003776e-01
8.535103981822755870e-02
1.208561802683494613e-01
1.307293250917302418e-01
1.379688995570905186e-01
1.704248368965494975e-01
1.269585964108776444e-01
1.323422976827016428e-01
1.189215045070479010e-01
9.034118239639295223e-02
1.088757215454710103e-01
1.188920726901533109e-01
1.215644640447355596e-01
1.104454845276197500e-01
1.512438673105281906e-01
1.321761017555894424e-01
1.122462411535007226e-01
1.317313559364217124e-01
1.722222293433299245e-01
1.347536318047915516e-01
1.584896630779876747e-01
1.395387816055958241e-01
1.055904192854699303e-01
1.471861112006792871e-01
1.400975846944494951e-01
1.489435644519366275e-01
1.372424685602665895e-01
1.134873224608908132e-01
1.581280616587689147e-01
6.775050663324311273e-02
1.191578412905452272e-01
1.378717910170983718e-01
1.068887904701601721e-01
1.343841654979538724e-01
1.109553142255842728e-01
1.298927274615733485e-01
1.480235291386917951e-01
1.746304065596295529e-01
1.277411116779102740e-01
1.333559011316376164e-01
1.411458750483487179e-01
1.091279841333919337e-01
1.400591273446342711e-01
1.213340743669645283e-01
1.458013289493282350e-01
1.035821336757320743e-01
1.307450191108118775e-01
1.237362424844535430e-01
1.300476231669706606e-01
1.694080092520487413e-01
1.477117520492808034e-01
1.179970643228594740e-01
1.431391496467093183e-01
7.563011707570618802e-02
1.258268645821275789e-01
9.832613139309460959e-02
1.082598813164011159e-01
1.643735285174091620e-01
1.449059706363397537e-01
1.112884243109380222e-01
1.545303078483057646e-01
1.348337846746566204e-01
1.287502598793504038e-01
1.348613543686878469e-01
1.118545455639928382e-01
1.476160521781038626e-01
1.326027761736541799e-01
1.742533717820513028e-01
9.379855364425562780e-02
1.496597504371313114e-01
1.517200719975843881e-01
2.009531258513504726e-01
1.055829740146028151e-01
1.133350931888625485e-01
9.691689348040492813e-02
1.644967456679620743e-01
1.730780304080225263e-01
1.357526238736566637e-01
1.137205149315929642e-01
1.522137740888812041e-01
1.368878662001413171e-01
1.560719533613615650e-01
1.740481433575228887e-01
1.344563505424970773e-01
9.510398485132716406e-02
1.438099263746716039e-01
9.554822395510202682e-02
1.192212999247794503e-01
1.479331418026224310e-01
1.627395534987491066e-01
1.428635836968047967e-01
1.321685511525478862e-01
1.395208478144903397e-01
1.322394287782418798e-01
1.225903614138668801e-01
1.256074142514561620e-01
1.255462581204119243e-01
1.196354712426400263e-01
1.129886089667777316e-01
1.028255083218896776e-01
1.312071469437075533e-01
1.731085591952608582e-01
1.613345651814771797e-01
1.144380425511788840e-01
1.147006882332125277e-01
1.332692533478059826e-01
1.134886205191089348e-01
1.213120644754395183e-01
1.324603457606744195e-01
1.405313069998585795e-01
1.131011649305954797e-01
1.522300733052391053e-01
1.085102148027738689e-01
1.377175036236844008e-01
1.210757779079627838e-01
1.504308759523550476e-01
1.347862899023789252e-01
7.676518816393355926e-02
1.139483915234477535e-01
1.265392446439243535e-01
1.564167401013237257e-01
1.312381128854069601e-01
1.554012136594302151e-01
1.833704417324301394e-01
1.255903654725208374e-01
9.470600125532810387e-02
1.289451752477885349e-01
1.199831970543716181e-01
1.161594265173130636e-01
1.544718474071241077e-01
1.358364888922803104e-01
1.511712041569623355e-01
1.450886684445621133e-01
1.216066984405902857e-01
1.004815149734525903e-01
9.936790725422343928e-02
1.754941839778773605e-01
1.282685831742562121e-01
1.114140878479502605e-01
1.657281774061954427e-01
1.027748577658406937e-01
9.991473817972144900e-02
1.117574227779785379e-01
1.362287491475741852e-01
1.051617560441704402e-01
1.666072151402993307e-01
1.121503019575957882e-01
1.361152776655788765e-01
1.739372617512507380e-01
9.308905797544578253e-02
1.034924739816664579e-01
1.125345988925185725e-01
1.370483255897681774e-01
1.646243808251831864e-01
1.210928999704598691e-01
9.634760189135622988e-02
1.268188954909503785e-01
1.134942210997574863e-01
1.216429788241396165e-01
1.442880426851939624e-01
1.042002316733147138e-01
1.475469586406349953e-01
1.466375121686296912e-01
1.477644769740134589e-01
1.659899225395540800e-01
1.309751963593386581e-01
1.103353604100435481e-01
1.222827324485194767e-01
1.330519148665686713e-01
1.601251205158816249e-01
1.032511248427851747e-01
1.407646195286846313e-01
1.366694077522354889e-01
1.126605576949749610e-01
1.280137490462592287e-01
1.337832905957585805e-01
1.013708270505777331e-01
1.146127565550378868e-01
1.497305108971214160e-01
1.129712699251178287e-01
1.176789631329565322e-01
1.393408589349857118e-01
1.482955696303168147e-01
1.451326243122771920e-01
1.803897847898626450e-01
1.033164694417844781e-01
1.250727949887185109e-01
1.001071893073863378e-01
1.443305343394992168e-01
1.101541894384148457e-01
1.382723064737549357e-01
1.667240718881685402e-01
1.715526514857734774e-01
1.420437541771629453e-01
9.551519515889497769e-02
1.727531840424463838e-01
9.440150255495685649e-02
1.099305273284841428e-01
1.382912916200408904e-01
1.185589188203017147e-01
1.482538250670207836e-01
1.373485466428987223e-01
1.634968614819600485e-01
1.487297584244493265e-01
1.060373406897044540e-01
1.266595697354957195e-01
1.067498837523606775e-01
1.443047421227797444e-01
9.885524808815089604e-02
9.854727944519914296e-02
1.505394335601128453e-01
1.286763601310342842e-01
1.025128673808608781e-01
1.255606122402556923e-01
9.372976382690574593e-02
1.201241431004300281e-01
1.489224987438387271e-01
9.216821710235792442e-02
1.472263842209450002e-01
1.279476981007574010e-01
1.573375017449476776e-01
1.027647010682963130e-01
1.107535476899621785e-01
1.221699907518319084e-01
1.024242917714881240e-01
1.410638913152939267e-01
8.579729287631851498e-02
1.069684944544048166e-01
1.520349169752251151e-01
1.204216116283556293e-01
1.183445488792040229e-01
1.090288412940224883e-01
1.078079767148134166e-01
1.210529914190727752e-01
1.727482325277908126e-01
1.439537128515146480e-01
1.198215000741159886e-01
1.220189925251861374e-01
1.566903570285757274e-01
1.385087050767482564e-01
1.402000154451685521e-01
1.534391587150400471e-01
1.939850388452455943e-01
1.184162819768972419e-01
1.364400767086375033e-01
1.409501411612748001e-01
1.196632022049612110e-01
1.044732943569745692e-01
1.116688207227511109e-01
1.129503681768669887e-01
1.312413102426884248e-01
1.227762093170735314e-01
1.268653180888386633e-01
1.578419594194980236e-01
1.160206631413764067e-01
1.307959693027501702e-01
9.283925046463456510e-02
1.613274726647707102e-01
1.252862451709474967e-01
1.586447952006986850e-01
1.193317354607144887e-01
1.359356921502229421e-01
1.168568437468557042e-01
9.824828271628516241e-02
1.055683405669294722e-01
1.684071051051692358e-01
1.361150871771219795e-01
1.041980253369552550e-01
1.205298439977729313e-01
1.075306373473101235e-01
1.502816375982671260e-01
1.436249831816748812e-01
1.260683323560573554e-01
8.867667786289612497e-02
1.673921024338617669e-01
1.291131189949820124e-01
9.321813229564479553e-02
1.769860775272621145e-01
8.117551019982974236e-02
1.173895303912825677e-01
1.087605265853279074e-01
1.259802662058406297e-01
1.139984079074674861e-01
9.571603075718557174e-02
9.771935392247040053e-02
1.509893605170718467e-01
1.124895294785311917e-01
1.309251798131305100e-01
1.295380248990519456e-01
7.824187160802362206e-02
1.394718467079374968e-01
1.582445716884929854e-01
1.113951845776813415e-01
8.337878431697894055e-02
1.644581042555384731e-01
1.267925025003987516e-01
9.721897516555208507e-02
1.439458380435693075e-01
1.103428008489090589e-01
1.698095530445342949e-01
1.135575449782192659e-01
1.306449250849868737e-01
8.955019668786323717e-02
1.192702050648258155e-01
1.329508095471004236e-01
1.330313138033633602e-01
1.456176591690559463e-01
1.246921049574980928e-01
1.185242993958784269e-01
1.309185461634855829e-01
1.258700159571227717e-01
1.213102855406353875e-01
1.441668888481623667e-01
1.441702469915914775e-01
1.047458976615070203e-01
1.240402202803774917e-01
1.322729437782823037e-01
1.180147769438837785e-01
1.226582684166712262e-01
1.197223189493133583e-01
1.169351177569974976e-01
1.212202890496569818e-01
1.085279750373661090e-01
1.038210177644883353e-01
1.372164618441713835e-01
1.125558933202940731e-01
1.315067966507520447e-01
9.130229580870499739e-02
1.190343893525120100e-01
1.035442527044085903e-01
1.141379882230852544e-01
1.296288512292352035e-01
1.092012141671315356e-01
1.296514267235291396e-01
1.496410896571097049e-01
1.448096237673061060e-01
1.167520270277227351e-01
1.351657994126846674e-01
1.450298338115686425e-01
1.334089660335850414e-01
9.204201569833833640e-02
1.295503960382606012e-01
1.616742996950207290e-01
1.329605782031442751e-01
1.463020528327462211e-01
1.003694186790049236e-01
1.269759565153829040e-01
1.153620487562086183e-01
1.064150905706258837e-01
2.143426765374686072e-01
1.336579048676100334e-01
1.303170826368968971e-01
1.319482253902519164e-01
1.330079993807693206e-01
1.472854220760155541e-01
1.127899867999858641e-01
1.327831277729455972e-01
1.156340659256742953e-01
1.455427594307059092e-01
1.203105993078525116e-01
1.161880608364186801e-01
1.178727054929998574e-01
1.468471210155906925e-01
1.323484705110933857e-01
1.075636244889777160e-01
7.846461107639599031e-02
1.532179101566820134e-01
1.273295815883837556e-01
1.286749748267614346e-01
1.711553838601899413e-01
1.266002891903630911e-01
1.236983529453088704e-01
1.162754870380549727e-01
1.404430329056634563e-01
1.190565695411623243e-01
1.333550359639974758e-01
1.209421747195765090e-01
1.235950128663357572e-01
1.284555904645868496e-01
1.460666726027940732e-01
1.389047289519038386e-01
1.419937977126644602e-01
1.212041432059157708e-01
1.268946994211460066e-01
1.497260620646252149e-01
1.661261728449582864e-01
1.314119442749305255e-01
9.578995982460310199e-02
1.421217975397591482e-01
1.165402073401264615e-01
9.496845628978034526e-02
9.135986522892355910e-02
1.166559755207308424e-01
1.270814125779428927e-01
1.370484426754838003e-01
1.534775535531268109e-01
1.228053442259535721e-01
1.321044867930619426e-01
9.556753220288267958e-02
1.616654478566595388e-01
1.208197853107733782e-01
1.227626882026555399e-01
1.191130166905826904e-01
1.498474941140235661e-01
1.065216166128743341e-01
1.433783968070867776e-01
1.330397882662595344e-01
1.347814315517908423e-01
1.130580087433963044e-01
1.368467862396427759e-01
7.524910853346747364e-02
1.071944990499712896e-01
8.593228416410539361e-02
9.555395309024934669e-02
1.023728308288390093e-01
1.071504317292465702e-01
1.079517910251001356e-01
1.257357378303577411e-01
1.159588220937807224e-01
1.370952477821987814e-01
8.536706741335005344e-02
1.209342831077966779e-01
1.233077518787877580e-01
1.339794342775819935e-01
1.080974049963401573e-01
1.281553649505363102e-01
1.144617465385819877e-01
1.426897932956323056e-01
1.485533508844812667e-01
1.329969458928419168e-01
1.511584296492080037e-01
1.903222598698411927e-01
1.294221946343693808e-01
1.575739552894136197e-01
1.442356275386922904e-01
1.167862936238408811e-01
1.080607902322865133e-01
1.269738032607917733e-01
9.214650213088333708e-02
1.505126493190674930e-01
1.233129378882036747e-01
9.043928702051198809e-02
1.057820669132338159e-01
1.400557124108031126e-01
1.360202863141788954e-01
1.203268345045872267e-01
1.481186841760499251e-01
1.140560853991814116e-01
1.002687472485806336e-01
1.187943947247057236e-01
1.732624640518996284e-01
1.632560321547618654e-01
1.066173505993043974e-01
9.655829055322953658e-02
1.735764075957516306e-01
1.438600444933127442e-01
1.271983103349378363e-01
7.330122104977268571e-02
1.137027961359836220e-01
1.305795595640057427e-01
1.266212255044678325e-01
1.228439489369131249e-01
1.455471073894868406e-01
1.610057687072064536e-01
9.915585457047430828e-02
1.022298167923816059e-01
1.008153941358294892e-01
8.461777755623511865e-02
1.500503911820056380e-01
9.300134783608109135e-02
1.637693486730556758e-01
1.004132870011416739e-01
1.158451866976042688e-01
1.252294815160487074e-01
1.091920352306539749e-01
1.409407766530629824e-01
1.550896414792898304e-01
9.925492860199684741e-02
1.154884190887130180e-01
1.191793500727709176e-01
1.511973610065593110e-01
1.043266417443048655e-01
1.844677759532609707e-01
1.478819058662794172e-01
1.535715982647462563e-01
1.207527558098243359e-01
1.896825199203578394e-01
1.530636200195376329e-01
1.405501826048548286e-01
9.185180151622666933e-02
1.512875006768514274e-01
7.095935670116519656e-02
1.168199473658439180e-01
1.347558842741004292e-01
1.233122435817518847e-01
1.142704202175264666e-01
1.150835126556221388e-01
1.501360352060338299e-01
8.865185150653223656e-02
1.704668808584608175e-01
1.172228533739605727e-01
1.157029426358850560e-01
1.125590080711553337e-01
1.666706342130142293e-01
1.096469035724357000e-01
9.803990717339368388e-02
1.455162520119765157e-01
1.177920307639051256e-01
1.219713385122677130e-01
1.228685699002782100e-01
1.179057684209368767e-01
1.551490466589061090e-01
1.258663573591992102e-01
1.208144477168322101e-01
8.022007422487387185e-02
1.042648726073010651e-01
1.550418709483089019e-01
1.037591113266010528e-01
1.122340098602754993e-01
1.130583244248682534e-01
1.418785373543957895e-01
1.446963753598596303e-01
1.199820382404674923e-01
1.221611287977101695e-01
1.163196013758813485e-01
1.111217301519992900e-01
1.411695659662054458e-01
1.234666778646387603e-01
1.256546942208285889e-01
1.057419386236314179e-01
9.423021337355999560e-02
1.683420417638500644e-01
1.142363040084138637e-01
1.054679084794447608e-01
9.884250771002452141e-02
1.624800247142029197e-01
1.314393028480532188e-01
1.537417779554679786e-01
1.269626873336940076e-01
1.615656460733419786e-01
1.802383622797458229e-01
1.279743744039477382e-01
1.048897550637118287e-01
1.598256447536429703e-01
1.349199132170406101e-01
8.905368624511296460e-02
1.217781559498820609e-01
1.300832287266713294e-01
1.526183247580149838e-01
1.147821711598740191e-01
1.467256382079344113e-01
1.123811395467078506e-01
1.311071645556859955e-01
1.095450340530231825e-01
1.351813160339944975e-01
1.844301869152929485e-01
1.179876176371452978e-01
1.088524349790011836e-01
1.145573853087918231e-01
1.305376696501691636e-01
1.391630399634356530e-01
1.056127026218948162e-01
1.310328831908627589e-01
1.451990186055409637e-01
1.461255185874357765e-01
1.580161083756668750e-01
1.640455218399781145e-01
1.338765180133089927e-01
1.087907291033977514e-01
1.238852927528991954e-01
1.277835919363986827e-01
1.612919630735391574e-01
1.365213500120336099e-01
1.209968191286812517e-01
1.743853122236803388e-01
1.342750821858867405e-01
1.629660718837148414e-01
8.863745863506948541e-02
1.384058129712091856e-01
1.094721541812176679e-01
1.233381399878351881e-01
1.007026078796418450e-01
1.934794791659946167e-01
1.759880612215537765e-01
1.013784776452530123e-01
1.127198490102582495e-01
1.281768736912697049e-01
9.971404162300052942e-02
1.294092706463167708e-01
1.053945791987758174e-01
9.867469367646093670e-02
1.250643071592561217e-01
1.368395299539343912e-01
1.394179456135522799e-01
1.052667805625594893e-01
1.476095530418900514e-01
1.485187998386381936e-01
1.488123370186986982e-01
1.211590015905410767e-01
1.531614622318078767e-01
1.355831545231424851e-01
1.518367520447900243e-01
9.703448377979177752e-02
9.723838915376023517e-02
1.232457204351020269e-01
1.031739627106107449e-01
1.172497024112404002e-01
1.251006516292913484e-01
1.477228205767409375e-01
1.367832222443326473e-01
1.073691913375067752e-01
1.268029485046189841e-01
1.705370129958694858e-01
1.476403844688294886e-01
1.239187668632956429e-01
9.834608678631311107e-02
1.116676646621130031e-01
1.144677013711213054e-01
1.343261090313284389e-01
9.494898133549094232e-02
1.443580475283092746e-01
1.303470646210377892e-01
1.495441693991132193e-01
1.435833476941688058e-01
1.050658378996447428e-01
1.534028296370095468e-01
1.400484533670159348e-01
1.107789590716406203e-01
1.462168856571321729e-01
1.471472984158257724e-01
9.457597514473492506e-02
1.137619952497858911e-01
9.525194408920875655e-02
1.730254880666555473e-01
1.164451950248825696e-01
1.019372677458489640e-01
1.314548770589714644e-01
1.087465438394136646e-01
1.006217426357029349e-01
1.201216232241720805e-01
1.160373064530485776e-01
1.474831781950262100e-01
1.456961191767649211e-01
1.148165226375846421e-01
1.263646527774571482e-01
1.573747594697340046e-01
1.282639736989401036e-01
1.450261522996794950e-01
1.504600417539498358e-01
1.273139035442581168e-01
1.556781258442828109e-01
1.290118980460105980e-01
1.475942267110918471e-01
1.213450566957532673e-01
1.316876415676511702e-01
7.160193479761225999e-02
9.468179909650367709e-02
1.147756113009055501e-01
1.012886351186881306e-01
1.132365804530823528e-01
1.168805923025280358e-01
1.303772370919374646e-01
1.410915128523163031e-01
1.087784192860155735e-01
1.213082977467957041e-01
1.193060540113512341e-01
1.179565883875085541e-01
1.171923729100611544e-01
1.104194104929649145e-01
1.334567479859562200e-01
1.309838675503749439e-01
1.222430903935958213e-01
1.176274638658553195e-01
1.320788397188511210e-01
1.314277453527889494e-01
1.271656119768715953e-01
1.005196084254570826e-01
9.676570290050552636e-02
1.523473745323701278e-01
1.268691386919608699e-01
1.229887532500065078e-01
1.660497239540396353e-01
1.526942090998248680e-01
1.226899647821538542e-01
1.333929778395057664e-01
9.196875166153546666e-02
1.117625152803420896e-01
1.277134110370569398e-01
1.036356870934813240e-01
1.260556302244165150e-01
1.211101544051244872e-01
1.496358818042187178e-01
9.389904942890145434e-02
9.501155602179248150e-02
1.155590699860210985e-01
1.457357332843977893e-01
1.524310721404373570e-01
1.336991664596034468e-01
1.416004033597358380e-01
1.513265901632004085e-01
1.047345591793025915e-01
1.530918538283722319e-01
1.312423345330483715e-01
1.034651926987428389e-01
1.376231662699000102e-01
1.148135677362594614e-01
1.626779726901626533e-01
1.264120886530789856e-01
1.132568304562207306e-01
1.459356848213735347e-01
1.784490969977947650e-01
1.100804165270724971e-01
1.683463572473631875e-01
1.044695066974242748e-01
1.239570917418431478e-01
9.089719286269293264e-02
1.273205465379202983e-01
1.249808453881101344e-01
1.001149495818868668e-01
1.471242769038970388e-01
1.453848440718459312e-01
1.585718293110620070e-01
1.107269674714826957e-01
1.208695974435384235e-01
1.208246032703938766e-01
1.492426520108225962e-01
1.165697409359700287e-01
1.671726057274697252e-01
1.370623411230463273e-01
1.439782453638498994e-01
8.862385289963745083e-02
7.100685778758071554e-02
1.106548921357071863e-01
1.734215536673060221e-01
1.177972028253895242e-01
1.326243757592180106e-01
1.090137074301314596e-01
1.247100730715416939e-01
1.665066163682583367e-01
1.609679657669203512e-01
1.776144458612359256e-01
1.297662929444169666e-01
1.530442418006542071e-01
1.182126868448141882e-01
1.257176331120105628e-01
9.581932484395756788e-02
1.056476779937312316e-01
1.366386898351837909e-01
1.077909454709822523e-01
1.159936111567976685e-01
9.865553213275139732e-02
1.518163354799064724e-01
1.472723302859771377e-01
1.218228826253478225e-01
1.500524996914260056e-01
1.280374032653802674e-01
1.481414800952223221e-01
8.646372236921659460e-02
1.424942640360022106e-01
1.189462906268345110e-01
7.134798079415860528e-02
1.271433541172593551e-01
1.449548357562794598e-01
1.327629844285516669e-01
1.279484606386296908e-01
1.471167113957142503e-01
1.487334859459203407e-01
1.155224660665816055e-01
1.243787687011236598e-01
1.316982779109602542e-01
1.583264952099689427e-01
1.579728194662580187e-01
1.332515399515194210e-01
1.509201918164890244e-01
1.108894896228960203e-01
1.355378029998892120e-01
9.747178971871775510e-02
9.560934737592859112e-02
1.522547058524904018e-01
1.349736585870964789e-01
1.254690882287135267e-01
1.548495741583044982e-01
1.217218524259633117e-01
1.162982423487424199e-01
1.360420533761085848e-01
1.412469386838953733e-01
1.652285128839789119e-01
1.393265172233359439e-01
1.244843531140535087e-01
8.901127078019781258e-02
1.407727035182426145e-01
9.657410022490697799e-02
1.202889867625629716e-01
1.149234796528743330e-01
1.508320894559058434e-01
1.300361449801921698e-01
1.293663626811268619e-01
1.377114249907100407e-01
1.642571407439640807e-01
1.373530287327260624e-01
1.308334280802379568e-01
1.071093354249773172e-01
1.272746905716182764e-01
1.375225748912422274e-01
1.294281256398272240e-01
1.262355947336246953e-01
1.235739182442697481e-01
1.155617492601747759e-01
1.224897148933240254e-01
7.561818329252992243e-02
1.535589290417959107e-01
1.363976428383183170e-01
1.202280924842144411e-01
1.241900862893644958e-01
1.027207159724268931e-01
1.246419760749190031e-01
1.717117218005181356e-01
1.222386369044305560e-01
1.194820337145908462e-01
1.309005887882477570e-01
1.167707619642060352e-01
9.087804180551099786e-02
1.370277233001385153e-01
1.193823812588927363e-01
1.702964800026523784e-01
1.225106358776462123e-01
1.319891479715158134e-01
1.434128767943050886e-01
1.140663767555403496e-01
1.467440488028186052e-01
1.042884813313912779e-01
1.181770028323999994e-01
1.144080903121617449e-01
9.878558184412407350e-02
1.207179675004285829e-01
1.607648001676003635e-01
1.206712571919970750e-01
1.535906027094093018e-01
1.068363357053794260e-01
1.611871128028031785e-01
1.356844745067034563e-01
1.224565359288561223e-01
1.225652642519906993e-01
1.296486109654568231e-01
1.414768996577950022e-01
1.231179614075810919e-01
1.606495091578033496e-01
1.468398483756713502e-01
8.682409100263384361e-02
1.601242193044127293e-01
1.377879514881907852e-01
1.148448241902055161e-01
1.539810157546274705e-01
1.419798228708976373e-01
1.276872553303671221e-01
1.313598915989775406e-01
1.366747106288963010e-01
1.852920475062751204e-01
9.460884550917798841e-02
1.468462822484546126e-01
1.368136715167589113e-01
1.796699889005521911e-01
1.039415614993901976e-01
1.104069144812586528e-01
1.252921955105662788e-01
1.431014137816105647e-01
8.551720154398803619e-02
