7.330898594270976454e-02
5.099168345948457137e-02
1.011721864893715822e-01
7.606431375744915346e-02
6.347784272491037438e-02
1.262418572592573507e-01
1.254059726276187114e-01
1.087407513260515018e-01
9.325464119883870862e-02
7.176461276165649328e-02
7.154548259311277469e-02
7.017256215264774943e-02
1.079348428072804678e-01
7.925443113601922385e-02
1.063574382477041336e-01
6.047106077903079135e-02
8.049299841234114350e-02
1.089055083852047134e-01
6.873987304897677397e-02
5.473450312493324116e-02
1.354879322986282664e-01
7.061102047092657208e-02
6.687937623940654053e-02
1.215345977451898901e-01
1.035100934820956109e-01
9.035195814689238325e-02
8.699978826415717681e-02
8.010740307548416816e-02
4.599798077978210081e-02
7.043191921971495018e-02
9.944074564983088060e-02
8.544661100411030108e-02
5.192062395527839019e-02
1.069321827074255216e-01
1.012234754628466432e-01
6.627491033237094264e-02
6.120164354977464249e-02
7.886753748439705169e-02
7.996926784291183421e-02
9.908190005770042830e-02
1.125348807623697961e-01
3.995608794452472357e-02
8.408436605345995241e-02
8.437837786997218203e-02
9.320712089349236784e-02
6.190967714796791199e-02
6.364471807737956399e-02
6.726384900956265678e-02
3.928509026709847696e-02
9.743751881916322410e-02
1.069838990776313253e-01
4.484348477526214211e-02
8.711023808763189435e-02
9.161573806203104908e-02
8.526924645799298375e-02
5.763033689227266276e-02
1.110509582762109898e-01
6.569561288721068038e-02
8.772538489982377452e-02
1.079984056393015202e-01
5.823356942997821861e-02
9.494290924274931265e-02
1.024193226952564428e-01
1.223529618683957543e-01
9.073183613775104295e-02
9.567595135888581903e-02
7.156266630905092074e-02
4.828960313857631054e-02
8.161875708685539799e-02
6.342277162904437493e-02
8.722706685156381146e-02
6.471438529436615572e-02
6.498141334677572101e-02
6.835848303215825983e-02
1.012050489634370998e-01
1.248348677497688464e-01
9.148719384259844378e-02
8.252380738488444833e-02
8.700399402702936602e-02
5.767350379569127078e-02
1.161817386877763425e-01
7.338282532795883939e-02
8.670159723324222245e-02
5.800035801467962049e-02
6.943269294264223235e-02
1.097787834201355422e-01
9.925052547740223496e-02
6.183412859739689793e-02
8.377646027374152649e-02
7.898103335274982151e-02
6.602843806813669947e-02
7.136468818908166256e-02
6.640545415339316193e-02
7.681630040263849601e-02
8.337862239656752827e-02
8.158014995153892168e-02
1.096442175604775277e-01
1.026568723172502084e-01
8.002462977104199404e-02
6.574751895408414981e-02
1.003047840877436397e-01
9.486701054997628835e-02
7.970327391655665505e-02
9.058249615522402654e-02
7.189532857772643060e-02
6.622465717568697119e-02
1.246980855902692920e-01
8.449125343099914143e-02
8.873425471739744552e-02
9.532380528140567411e-02
4.781306879333033916e-02
8.258530260459147343e-02
6.053716254657135615e-02
8.570271131914716789e-02
6.649312194588385960e-02
6.671714079597949876e-02
1.327900863161670386e-01
8.597536370172764730e-02
1.206728658371747365e-01
5.727344555395734449e-02
1.038697519581592149e-01
9.479985037901303424e-02
1.133769835098813461e-01
8.447036691439961664e-02
9.357595298354481894e-02
8.298722755040251198e-02
6.878583087443390642e-02
7.570729137265089226e-02
1.001692617172026400e-01
6.729977922375640631e-02
1.032875445763314498e-01
1.059851003598030472e-01
7.458031128901265738e-02
8.143159681440229059e-02
8.604688896144715993e-02
7.585097825255178450e-02
6.257972171178541321e-02
7.493681255008022291e-02
8.239666352030756979e-02
7.627323322591209043e-02
9.571211857189361460e-02
6.597649128250407391e-02
1.072002080804546342e-01
4.788258003921532641e-02
8.851690309453960626e-02
6.251082911814613563e-02
1.137203424977777377e-01
9.348277099707566484e-02
9.163601901621365453e-02
9.049601310246009611e-02
7.287899872082088948e-02
6.118967651920974304e-02
8.082441479953197949e-02
9.631291459999062610e-02
1.136847160845952109e-01
7.661269768447762085e-02
5.114917337342286124e-02
8.292878833428862784e-02
8.349237295745345899e-02
1.048127972331660968e-01
9.150698329630195527e-02
5.995609778474440127e-02
7.297640413883872690e-02
1.235490721338220882e-01
1.158546605800756801e-01
8.963400570312499149e-02
8.094579949285615750e-02
8.194182564522176082e-02
6.414184746526474523e-02
8.243020298041425775e-02
6.165210123291080258e-02
7.368041991986920558e-02
4.556426758794747400e-02
8.038095545996275237e-02
6.108020238691194009e-02
8.607295376399244635e-02
1.115296933814043656e-01
7.886227486264166253e-02
8.479068264055208970e-02
5.309631897585222887e-02
8.633267845543834973e-02
1.207643423609104094e-01
8.129900967962259972e-02
7.202869871696759851e-02
6.666529553065343727e-02
9.596861255160386850e-02
9.768675015043873366e-02
2.943098717879615370e-02
7.161477982278585674e-02
1.023627800801183013e-01
8.853167002485010095e-02
6.113436285598967956e-02
7.511374285110801463e-02
8.248513775504344447e-02
6.526535002507856398e-02
8.988360683401026840e-02
9.086976602726370977e-02
6.583103326135744671e-02
1.086101563366993900e-01
1.086281289366015645e-01
8.823820909227644838e-02
8.920769610368477209e-02
1.012019599022568189e-01
7.719311733886036198e-02
7.522048407669920667e-02
7.116303763787283632e-02
7.989837506640658227e-02
9.212130463910232769e-02
7.536183536017238005e-02
8.793494828869190261e-02
9.615225079341835346e-02
1.046746029344188811e-01
7.566661180361611283e-02
7.773242871566057866e-02
1.059197222290002988e-01
6.490223786163470954e-02
7.595898409044812838e-02
8.404860632128670350e-02
1.040154063480498436e-01
1.035458935503269784e-01
8.579261745404605233e-02
8.290391328631570300e-02
1.092643448289432467e-01
6.396575641253873790e-02
6.142915895594076858e-02
1.101479302378262498e-01
6.739549193501077895e-02
6.608109280007648523e-02
6.142737146723651481e-02
8.640945927510616797e-02
3.722423930567553274e-02
6.473973521251588648e-02
1.003010977306224849e-01
9.015402826176173445e-02
7.387724261565298267e-02
8.360991732411982014e-02
6.889609080450993794e-02
9.962704893422498487e-02
5.859011555981215313e-02
6.411389066701109196e-02
1.059573610069677596e-01
8.202280478461469737e-02
7.720370095507156361e-02
1.013629429737724907e-01
1.024715138122401781e-01
8.818009110567717745e-02
8.113660212045614717e-02
6.619017096114772347e-02
8.704064834690161678e-02
6.424734390906081116e-02
7.558156709525527817e-02
7.272533601904673795e-02
9.443471799833598468e-02
6.844064952848911976e-02
1.255445178057485178e-01
7.287998483963797902e-02
5.485316855559274618e-02
8.446353413767385132e-02
1.002904199836200660e-01
9.718714004740411361e-02
9.330577589965491359e-02
7.103189374054579008e-02
5.154522496308158036e-02
1.015060555282852051e-01
1.050722630827454207e-01
7.731973042399445384e-02
7.438074416456004478e-02
7.643339142220997862e-02
7.544773403365800934e-02
7.783887407339303011e-02
1.156988227986164575e-01
6.352965972963837971e-02
6.823815250834533441e-02
8.605201148528307531e-02
8.741155624605670416e-02
9.492864413151554104e-02
7.104140713943991881e-02
7.231247521542719103e-02
6.761480683889493914e-02
9.359592956717879830e-02
7.112235411648155925e-02
6.968891330186828548e-02
9.165178604072614366e-02
1.401614403940126541e-01
6.299571526046401915e-02
1.143482722162491444e-01
1.115648543566722661e-01
9.604935700127639753e-02
1.035167366477047074e-01
1.032201609459052066e-01
4.652710555733750170e-02
3.825970577559860419e-02
5.411097094711016936e-02
6.050086961271750052e-02
1.000199652832583774e-01
6.848069187157342086e-02
9.895550411091111331e-02
8.882561714199843639e-02
6.001499384732957715e-02
6.503516871355870255e-02
7.923179529526824805e-02
1.084762190047142277e-01
6.120219447048746986e-02
7.497575513024619387e-02
7.286535979264732732e-02
7.022547574870914577e-02
7.825545634645385273e-02
1.106214817752988189e-01
1.100196209385239793e-01
1.072695685140369337e-01
9.670142991796884524e-02
7.547337725291369814e-02
9.014340038367334162e-02
8.785335167276575596e-02
5.905366770455002662e-02
1.042130960376612403e-01
7.415916562320508387e-02
6.370199002357850027e-02
6.431537999014594331e-02
8.335182234751570274e-02
7.488717245305909209e-02
6.640286337616818635e-02
6.978272016234751685e-02
1.072606005842309251e-01
8.030781427867139666e-02
4.553581601893674780e-02
1.055799626736709101e-01
7.791272726167050577e-02
6.435039232562859979e-02
1.116648153748899946e-01
9.247270231619039715e-02
7.204284692677027924e-02
1.029918242965207342e-01
8.355723826701014212e-02
8.570754816372121165e-02
9.444265662357517743e-02
1.031838021649642972e-01
8.580833456574632478e-02
1.102112919613188052e-01
6.619771185127584778e-02
1.202788595085571427e-01
7.521034174710768128e-02
8.049405173358978316e-02
4.379302877997672677e-02
8.488300814421068097e-02
7.420400569441634731e-02
4.868259532800615907e-02
7.856361045827184308e-02
1.220832096613383017e-01
5.911128290184654993e-02
7.764551297369193250e-02
8.461940654934288486e-02
8.033238808325200708e-02
8.857752648636196824e-02
8.191711432531605108e-02
7.629395047963431764e-02
7.866786079473138404e-02
9.338694425855800785e-02
5.430996553595026505e-02
9.066573732320877543e-02
9.046277048420488243e-02
6.271417771106643779e-02
1.312847829895406604e-01
7.733474433691304994e-02
6.440980095187096022e-02
7.424345795108326651e-02
4.874050713463542323e-02
1.249409572050038386e-01
9.124517397159478960e-02
7.776442467383115620e-02
7.672256109359687493e-02
5.570307379929539948e-02
8.634789083182081715e-02
7.650211464178409415e-02
8.011294383579600775e-02
7.421594722616091377e-02
7.674963250366033385e-02
1.107046218162764245e-01
8.562905810592214007e-02
7.676046967268571053e-02
8.418550134724625544e-02
5.595113782562830679e-02
8.163917604691151020e-02
8.097203319257632870e-02
6.781662517510031463e-02
9.735638276283598014e-02
1.172818896830182533e-01
7.999731458700143349e-02
8.223231645259496125e-02
6.932482627828132071e-02
7.754554131977012266e-02
9.043855752971904916e-02
8.543366840675295504e-02
7.731021344877045398e-02
1.081585400972852745e-01
5.828360133379577313e-02
7.336784034977530955e-02
8.171568742439141997e-02
1.157453179804523724e-01
3.867003766915608903e-02
8.422112101767778580e-02
9.400066232862729076e-02
3.980102951649122645e-02
5.781913880180629406e-02
8.183445930229746312e-02
9.532043583576710333e-02
7.214749295568803622e-02
5.969021404818335153e-02
8.183398270480161940e-02
5.080161355709671145e-02
3.855937792783732665e-02
9.634123128310541351e-02
8.444621251191034017e-02
6.191142006549425758e-02
7.878867361318234175e-02
1.001293761258182924e-01
1.067260127364429573e-01
9.198966911206252206e-02
9.471367119868127904e-02
1.032145285033859994e-01
1.063951476760920389e-01
5.980792438237148012e-02
7.511490808114737461e-02
8.968852014554144769e-02
1.035254575390438248e-01
6.672704671459783743e-02
8.013235917811287190e-02
7.140603929870263655e-02
3.816373020703058699e-02
8.792829621961240072e-02
4.912810012849462560e-02
1.367458903256481562e-01
6.500353595042236698e-02
1.288718132072181888e-01
5.912245490692023125e-02
1.021111371862993833e-01
5.525575394519803563e-02
1.080399751768434113e-01
7.022470510108783093e-02
8.396555015004310285e-02
7.606544075698964957e-02
9.283479620275761346e-02
7.885624097820879974e-02
9.948861906800784971e-02
9.611509247398390687e-02
5.380048183793939565e-02
7.665606783690988302e-02
6.465251584876711977e-02
9.764591954956927666e-02
6.720921249932462760e-02
5.994717222874050566e-02
9.157424193612047347e-02
7.424300290802107738e-02
1.045234492699057133e-01
8.805384370047915354e-02
1.076510450437851568e-01
1.033855685953937453e-01
8.718687483849787978e-02
5.191205596711519210e-02
8.135623331919425438e-02
6.488912391933039647e-02
9.269270282791690352e-02
1.212121931662622359e-01
6.038408344397598604e-02
8.002751596901631903e-02
6.336755327121738890e-02
1.038840365067254384e-01
1.016995784062958708e-01
8.479300384561552772e-02
9.851148881290243409e-02
6.028329351013717030e-02
6.045214080808245655e-02
6.847270243032259340e-02
5.894084034643094772e-02
8.707822431486451908e-02
7.351397136985737824e-02
9.185479481603828211e-02
7.359193887892581665e-02
6.245287734501579063e-02
6.645912376598142601e-02
1.102105445063078504e-01
4.136229127661039673e-02
8.356971845809886557e-02
6.007889701342254696e-02
7.307035708761588921e-02
1.100676966717849120e-01
5.500474469537959543e-02
6.456768005378994701e-02
9.228324543451002504e-02
4.401027910055048398e-02
5.910915840007409383e-02
6.917756091150542574e-02
9.344841042278803633e-02
9.077118818329510397e-02
1.064403132891851983e-01
8.407365613945505523e-02
8.670014629427455488e-02
1.241309152198849519e-01
1.193371328274673154e-01
7.218384287591564363e-02
5.288428269926457453e-02
1.068035155769910816e-01
7.659745718362051536e-02
1.215419071060530321e-01
9.069735009997759168e-02
5.312860497718178976e-02
5.935751376820619374e-02
7.245220940444345448e-02
5.687793663352484763e-02
6.533611558711038825e-02
8.627736562423179989e-02
9.021212018928317922e-02
6.621304269944487675e-02
7.943310972095647682e-02
8.719981135431045804e-02
9.454742549259904927e-02
7.131983192010001027e-02
1.280497233036737292e-01
5.407393954246431100e-02
1.182561694428498067e-01
1.260726761101212123e-01
6.722467711311692906e-02
8.379211298378756723e-02
7.922367973629491911e-02
7.274457383053864468e-02
6.125318602975930726e-02
8.359321017225407324e-02
6.285104447924205751e-02
6.976398618981811961e-02
1.090108286756240608e-01
6.145677782013716367e-02
7.745973288221341679e-02
1.011090387000577462e-01
1.119067643226151765e-01
7.227569842965361757e-02
9.750314661681962203e-02
7.084899700471154749e-02
7.416086763405219107e-02
7.397566062637923878e-02
7.594322415355350686e-02
7.897701950067972931e-02
9.722407837973585931e-02
8.497133438698441232e-02
8.680816176302383336e-02
8.406794507557072138e-02
8.930461529841374202e-02
8.110621680971814851e-02
8.044117223806990236e-02
7.641262929647654745e-02
1.014454630096870424e-01
7.497167326307156709e-02
8.870668333076894840e-02
8.769713351214776520e-02
1.119170117132525233e-01
7.512121395729316753e-02
5.952856795199377299e-02
8.162526586015492192e-02
8.599751216434144141e-02
8.893954452038607683e-02
9.426640450202543320e-02
7.341789900299137972e-02
9.199316084162267870e-02
7.180825700266472988e-02
9.718915316981746599e-02
8.519969672649292669e-02
8.414521736116067907e-02
8.706409098210277087e-02
6.767359086961728665e-02
6.209970648060194470e-02
1.403900109632168769e-01
1.174729984265336924e-01
7.609846314470292139e-02
6.738775837802798985e-02
9.100636650404532457e-02
5.157785505004899157e-02
8.070365427229983513e-02
9.452911178950393345e-02
1.000413569867137642e-01
8.931729172704856723e-02
8.863066571672920113e-02
7.091509783584126758e-02
9.647319466996293058e-02
6.976229921109906862e-02
6.058067057440781611e-02
1.153221391039728205e-01
7.876306904844650181e-02
7.796948023993513499e-02
8.916178572102857747e-02
6.701445290311344727e-02
9.220681740235600610e-02
8.704295405562909038e-02
7.669289970914849874e-02
7.102030235736125907e-02
5.907571441970680542e-02
8.441844968064537991e-02
5.550791989613908239e-02
8.244042714606655831e-02
9.176332517074706208e-02
9.975227162637312350e-02
9.508704178564988951e-02
1.080515388263485477e-01
7.611731635880428226e-02
1.044046179032339927e-01
1.081973804852905258e-01
8.569807275930589607e-02
8.650282825598773484e-02
7.096896560424037492e-02
9.718591089090825030e-02
1.118379114704102228e-01
8.083167385967895968e-02
7.696738512785010478e-02
4.104868607817535597e-02
6.866648148330309342e-02
9.218521146262133314e-02
1.221933507839050304e-01
5.879800241376668957e-02
9.759625203606495103e-02
1.273616249563787606e-01
9.892536255739037276e-02
6.355486990347203324e-02
6.457466284840011894e-02
1.096412083803223886e-01
9.702654510610531080e-02
9.493751604559610979e-02
6.636922371087923544e-02
6.959967578994626092e-02
1.166271400540791758e-01
7.798803365434621437e-02
1.064914164435432492e-01
9.081718882642260404e-02
6.578413914889739977e-02
7.396706306136072162e-02
1.030931269707054676e-01
7.324759717771203715e-02
8.219863521121824335e-02
5.919814384387109968e-02
7.294029987059566511e-02
7.351695901302682246e-02
8.020284873132574321e-02
7.270786667640369294e-02
6.704246038040681532e-02
7.379033000198054193e-02
9.358500749235301730e-02
1.060625334307297302e-01
1.064639145879901216e-01
5.712166203511077900e-02
8.809558352083439459e-02
7.683758343146640524e-02
1.091807700412420201e-01
5.280861305700736835e-02
9.893229277922485632e-02
1.002405023066617884e-01
1.047571241242201412e-01
1.174684810872318463e-01
7.272484982232962913e-02
9.980767087499435586e-02
1.232531304513754949e-01
5.538132011090968199e-02
6.286128651904362985e-02
8.935616612723187857e-02
8.633816942302716124e-02
8.877836532779906364e-02
8.980885791713548449e-02
7.704573988872594204e-02
6.004205263561020189e-02
6.812361754219975474e-02
6.823893971130212677e-02
8.915043292168996214e-02
8.147977821447061064e-02
9.084173183704266630e-02
1.142718296491445906e-01
1.050529590081189235e-01
1.363283984329848042e-01
9.175981000305193092e-02
1.025133976535397007e-01
7.735329847775387901e-02
7.613375375347788965e-02
8.942791539979706716e-02
1.029071785685012619e-01
7.467778879924739932e-02
7.279252333319841117e-02
3.742268615494446365e-02
8.510486008689728543e-02
5.838605867729602938e-02
1.113966874180355171e-01
1.103537709107843268e-01
5.525126088388525314e-02
9.094841610859338843e-02
4.459848057499984225e-02
6.747470932508040087e-02
1.202608308157294414e-01
9.992050131589184925e-02
4.479129771012726330e-02
5.521843166518127649e-02
7.532559067953348286e-02
7.287015081512640546e-02
9.629310023017698117e-02
6.398317992103977336e-02
6.693086052946276010e-02
6.591705729131842884e-02
8.859006097907588806e-02
8.815873147761524309e-02
7.014977736556123056e-02
9.088884430765389877e-02
7.927220094090710323e-02
7.292660386330315769e-02
4.882147281408868306e-02
5.785520912292554246e-02
9.098487441742184045e-02
8.393452403685623675e-02
5.879630310133503179e-02
1.192188419512741487e-01
9.943759575334136513e-02
9.475048938992576553e-02
8.459641569855858023e-02
9.092247113610348042e-02
1.209554347005686870e-01
1.121596447092473581e-01
7.667857439835809585e-02
6.994026260047317423e-02
6.843856861134126057e-02
1.324708335771994649e-01
1.212801003118877119e-01
9.064553170209654898e-02
7.278226148624836189e-02
8.622339201159778810e-02
6.175277696176566244e-02
6.626542459945775065e-02
9.063632045083261368e-02
9.233047142665766482e-02
5.866382018168605356e-02
6.922898301936179777e-02
8.266840785385003165e-02
5.506534919458698496e-02
9.337406272897415260e-02
9.243234438436213896e-02
1.268800140125533049e-01
5.742569542352711498e-02
7.142336341809467359e-02
1.191848005058673970e-01
1.041507605020868255e-01
7.103329396738651547e-02
1.376449615581977759e-01
8.992766625158028770e-02
6.636913995308346692e-02
1.153920749625472891e-01
7.631307716498225702e-02
8.982940637824261831e-02
7.396472566963166462e-02
9.753651662391955857e-02
9.383769348191908777e-02
8.429641648888594463e-02
9.179643150713789890e-02
1.001723231761629390e-01
4.562261153494003019e-02
1.150554332254208612e-01
8.442227923278169954e-02
1.014694254588776323e-01
8.866508040706302940e-02
1.031648716843055896e-01
1.132796514861034859e-01
9.467518455405632416e-02
7.104513216643308648e-02
8.256667903618622462e-02
5.202793080213923005e-02
6.617847851084109057e-02
7.263894142967038114e-02
1.006866532302229944e-01
9.021393136489699871e-02
8.266963698682602835e-02
8.872341380353217233e-02
1.040959009895537080e-01
6.581430005272308204e-02
8.720368883179899222e-02
6.706919178572012807e-02
6.482494087340975875e-02
6.721804974249094566e-02
1.067019111558239058e-01
7.578856502204125989e-02
8.616765671841097873e-02
1.088908478864881457e-01
1.159623393054759893e-01
1.126053595553533349e-01
5.927358345365809494e-02
5.185659388609535625e-02
8.080714454434037575e-02
7.968576254705461714e-02
5.442899508983169848e-02
8.724532058885373087e-02
7.531864388931777676e-02
4.913711975549032995e-02
6.728905591133035879e-02
1.108745354718847498e-01
6.546543561330120387e-02
5.504357484771120468e-02
6.575443585071001629e-02
7.567336410056298146e-02
6.325551808803175913e-02
6.916866857784136069e-02
5.711699924469306605e-02
6.788737287094852302e-02
7.413127182038570240e-02
1.120906174408760059e-01
8.797760333135935806e-02
9.740089515656827346e-02
1.058992104842143567e-01
1.057418095136447855e-01
6.186424346204309060e-02
7.115457961295698630e-02
9.098149670428597180e-02
6.262497356334768839e-02
9.442825124257558933e-02
8.162506781734717165e-02
7.443369920718981292e-02
5.597579069205158714e-02
7.217407353943883219e-02
1.122638192572407573e-01
1.227337614936004628e-01
5.629856127983819125e-02
9.850193536821878759e-02
1.228158832349772328e-01
6.234809297088374919e-02
7.269416712679430126e-02
6.647688572237235582e-02
8.432212670389389875e-02
4.037479742069016719e-02
5.485640927829944780e-02
8.034671993036909821e-02
1.096332309481150152e-01
8.699056082527951983e-02
5.641161047535514506e-02
8.377582058696250722e-02
1.121542509144440036e-01
1.047276092706476563e-01
7.777415524803484026e-02
6.010820836669630157e-02
8.263271114902832892e-02
9.412872823757729990e-02
1.117862747549210473e-01
7.204586961900596997e-02
6.458461009505714334e-02
6.505314846851761867e-02
8.766956479883350473e-02
8.209974096844488423e-02
8.579184521000371433e-02
7.373920562962395231e-02
1.113792518787311697e-01
1.467597612357381953e-01
7.571376527867350326e-02
7.364330643419114697e-02
7.241314399643801469e-02
1.082407215791072186e-01
1.243000178747068613e-01
6.363498911429950333e-02
8.435507540499516399e-02
8.511873296037608672e-02
9.311972326723387539e-02
6.592447562194507504e-02
9.816342723490070754e-02
6.570586528610415644e-02
7.781506779306868182e-02
5.454765409248787250e-02
8.902495575776185610e-02
5.432265635937019027e-02
8.802396904166447100e-02
6.988756901578349612e-02
8.429112309746726595e-02
9.887605184450069806e-02
5.135579477605931725e-02
7.652187042975319708e-02
4.793920285818013827e-02
7.243015107169215039e-02
9.998721898264877062e-02
1.221297545510029448e-01
8.648628104219087398e-02
1.146652263006073535e-01
7.649630330088577623e-02
5.787147733386222015e-02
6.605364574573606429e-02
1.203877718456520113e-01
7.857466859309136797e-02
6.957511174992667136e-02
8.576498352480461940e-02
1.181243910064237179e-01
7.149132243184226632e-02
8.879746637913102369e-02
6.791851927086538232e-02
1.065826601007588692e-01
6.703030806086714144e-02
4.982061345439550010e-02
1.181177383146549131e-01
9.781039141070366205e-02
9.595035122573269959e-02
1.033831991709924375e-01
8.191850280174564625e-02
1.313397685438730811e-01
9.529456510514418277e-02
7.760313881747020470e-02
5.666115797459516518e-02
6.822655510403057011e-02
6.433619345403651657e-02
6.352884833852270874e-02
8.216517387693904328e-02
8.202565575689794997e-02
9.528255059117574088e-02
6.405223523095193716e-02
4.403400765686531215e-02
5.229780871401812359e-02
7.122988509632019460e-02
7.389695557291009465e-02
6.127448038233020838e-02
8.788594238773834999e-02
8.575110041736615230e-02
1.062516560289801515e-01
5.111171129578746808e-02
8.039822387406558857e-02
9.613631156524146681e-02
4.721416599931718000e-02
9.755799215789999479e-02
1.040306884320653935e-01
6.828821364602850885e-02
7.191053986610049242e-02
6.721246157518663555e-02
8.932428549253509931e-02
4.954195705459711607e-02
5.894881853180507225e-02
8.290718782783697283e-02
1.261556123195977652e-01
6.002641276810773835e-02
8.560095794370672917e-02
1.129346594249127922e-01
5.964792035138059834e-02
5.467824111512366997e-02
7.621782178965255672e-02
7.332646771706854971e-02
9.357916348222716785e-02
8.358256145722624264e-02
8.935244344413276196e-02
1.016966463166863732e-01
1.064410579453516081e-01
5.891325971595458288e-02
6.133482171552771117e-02
7.135208164942948017e-02
6.118261764371131506e-02
6.191140288972914185e-02
9.579829462794205164e-02
9.073590974390947916e-02
7.517842039040059654e-02
5.529909102390125064e-02
8.356534823310443616e-02
1.352478028120358000e-01
8.319212962547220536e-02
1.102869401390916826e-01
9.944157322738433891e-02
9.930432514162998436e-02
7.096456019381829072e-02
6.376191531587194206e-02
5.628686286451887316e-02
7.053092597543368647e-02
9.568423144937514280e-02
6.782471063085319940e-02
6.289233035377081449e-02
8.836553999240322199e-02
1.011684771536345562e-01
9.558102703800919198e-02
7.175680546532714477e-02
8.601558457597216489e-02
7.563348959998657250e-02
9.207219246695588777e-02
5.013163426021201297e-02
1.146057494041680530e-01
6.196488061057172508e-02
7.692780438897170447e-02
5.927768185686539681e-02
8.222683187912738223e-02
8.862765598862645811e-02
8.172763875216379481e-02
6.309532870374807978e-02
1.013846619552731532e-01
6.918185244481814267e-02
9.073764824229184345e-02
1.059585286444978680e-01
8.152643020810779184e-02
6.103525792753803497e-02
7.643460224948776804e-02
4.622843529442331040e-02
6.555576223464336383e-02
7.051978773350704721e-02
9.515003245537108356e-02
6.548431126676208802e-02
8.752754911494546597e-02
1.048566879132252494e-01
4.855964300776902803e-02
8.151248250248403771e-02
8.077648051901975546e-02
8.644074917994000462e-02
4.746858628271320019e-02
8.045439982830220049e-02
8.566438960721052542e-02
6.001683641848198913e-02
